  -2.1000009999999998e+00   9.9999999999999995e-07   1.0000020000000001e+00   3.0000000000000001e-06  -1.9999999999999999e-06  -1.0471910000000000e+00   9.9992999999999999e-02
  -2.1000009999999998e+00   9.9999999999999995e-07   1.0000020000000001e+00   3.0000000000000001e-06  -1.9999999999999999e-06  -1.0471910000000000e+00   1.9999300000000000e-01
  -2.0999949999999998e+00   9.9999999999999995e-07   1.0000020000000001e+00   3.0000000000000001e-06  -1.9999999999999999e-06  -1.0471910000000000e+00   2.9999300000000001e-01
  -2.0999949999999998e+00   9.9999999999999995e-07   1.0000020000000001e+00   3.0000000000000001e-06  -1.9999999999999999e-06  -1.0471910000000000e+00   3.9999299999999999e-01
  -2.0999949999999998e+00   9.9999999999999995e-07   1.0000020000000001e+00   3.0000000000000001e-06  -1.9999999999999999e-06  -1.0471910000000000e+00   4.9999300000000002e-01
  -2.0999949999999998e+00   9.9999999999999995e-07   1.0000020000000001e+00   3.0000000000000001e-06  -1.9999999999999999e-06  -1.0471910000000000e+00   5.9999999999999998e-01
  -2.1000009999999998e+00   9.9999999999999995e-07   1.0000020000000001e+00   3.0000000000000001e-06  -1.9999999999999999e-06  -1.0471980000000001e+00   6.9998499999999997e-01
  -2.0999949999999998e+00   9.9999999999999995e-07   1.0000020000000001e+00   3.0000000000000001e-06  -1.9999999999999999e-06  -9.4719100000000001e-01   9.9986000000000005e-02
  -2.1000009999999998e+00   9.9999999999999995e-07   1.0000020000000001e+00   3.0000000000000001e-06  -1.9999999999999999e-06  -9.4719799999999998e-01   1.9999300000000000e-01
  -2.0999949999999998e+00   9.9999999999999995e-07   1.0000020000000001e+00   3.0000000000000001e-06  -1.9999999999999999e-06  -9.4719100000000001e-01   2.9999300000000001e-01
  -2.0999949999999998e+00   9.9999999999999995e-07   1.0000020000000001e+00   3.0000000000000001e-06  -1.9999999999999999e-06  -9.4719100000000001e-01   3.9999299999999999e-01
  -2.0999949999999998e+00   9.9999999999999995e-07   1.0000020000000001e+00   3.0000000000000001e-06  -1.9999999999999999e-06  -9.4719100000000001e-01   4.9999300000000002e-01
  -2.1000009999999998e+00   9.9999999999999995e-07   1.0000020000000001e+00   3.0000000000000001e-06  -1.9999999999999999e-06  -9.4719799999999998e-01   5.9999999999999998e-01
  -2.0999949999999998e+00   9.9999999999999995e-07   1.0000020000000001e+00   3.0000000000000001e-06  -1.9999999999999999e-06  -9.4719100000000001e-01   6.9999999999999996e-01
  -2.1000009999999998e+00   9.9999999999999995e-07   1.0000020000000001e+00   3.0000000000000001e-06  -1.9999999999999999e-06  -8.4719100000000003e-01   9.9986000000000005e-02
  -2.0999949999999998e+00   9.9999999999999995e-07   1.0000020000000001e+00   3.0000000000000001e-06  -1.9999999999999999e-06  -8.4719800000000001e-01   1.9999300000000000e-01
  -2.0999949999999998e+00   9.9999999999999995e-07   1.0000020000000001e+00   3.0000000000000001e-06  -1.9999999999999999e-06  -8.4719100000000003e-01   2.9999300000000001e-01
  -2.0999949999999998e+00   9.9999999999999995e-07   1.0000020000000001e+00   3.0000000000000001e-06  -1.9999999999999999e-06  -8.4719100000000003e-01   3.9999299999999999e-01
  -2.0999949999999998e+00   9.9999999999999995e-07   1.0000020000000001e+00   3.0000000000000001e-06  -1.9999999999999999e-06  -8.4719800000000001e-01   4.9999300000000002e-01
  -2.1000009999999998e+00   9.9999999999999995e-07   1.0000020000000001e+00   3.0000000000000001e-06  -1.9999999999999999e-06  -8.4719100000000003e-01   5.9999999999999998e-01
  -2.0999949999999998e+00   9.9999999999999995e-07   1.0000020000000001e+00   3.0000000000000001e-06  -1.9999999999999999e-06  -8.4719100000000003e-01   6.9999199999999995e-01
  -2.0999949999999998e+00   9.9999999999999995e-07   1.0000020000000001e+00   3.0000000000000001e-06  -1.9999999999999999e-06  -7.4719100000000005e-01   9.9992999999999999e-02
  -2.1000009999999998e+00   9.9999999999999995e-07   1.0000020000000001e+00   3.0000000000000001e-06  -1.9999999999999999e-06  -7.4719800000000003e-01   1.9999300000000000e-01
  -2.0999949999999998e+00   9.9999999999999995e-07   1.0000020000000001e+00   3.0000000000000001e-06  -1.9999999999999999e-06  -7.4719100000000005e-01   2.9999300000000001e-01
  -2.1000009999999998e+00   9.9999999999999995e-07   1.0000020000000001e+00   3.0000000000000001e-06  -1.9999999999999999e-06  -7.4720600000000004e-01   3.9999299999999999e-01
  -2.0999949999999998e+00   9.9999999999999995e-07   1.0000020000000001e+00   3.0000000000000001e-06  -1.9999999999999999e-06  -7.4719100000000005e-01   4.9999300000000002e-01
  -2.0999949999999998e+00   9.9999999999999995e-07   1.0000020000000001e+00   3.0000000000000001e-06  -1.9999999999999999e-06  -7.4719100000000005e-01   5.9999999999999998e-01
  -2.1000009999999998e+00   9.9999999999999995e-07   1.0000020000000001e+00   3.0000000000000001e-06  -1.9999999999999999e-06  -7.4719800000000003e-01   6.9999999999999996e-01
  -2.0999949999999998e+00   9.9999999999999995e-07   1.0000020000000001e+00   3.0000000000000001e-06  -1.9999999999999999e-06  -6.4719099999999996e-01   9.9992999999999999e-02
  -2.0999949999999998e+00   9.9999999999999995e-07   1.0000020000000001e+00   3.0000000000000001e-06  -1.9999999999999999e-06  -6.4719099999999996e-01   1.9998500000000000e-01
  -2.0999949999999998e+00   9.9999999999999995e-07   1.0000020000000001e+00   3.0000000000000001e-06  -1.9999999999999999e-06  -6.4719099999999996e-01   2.9999300000000001e-01
  -2.1000009999999998e+00   9.9999999999999995e-07   1.0000020000000001e+00   3.0000000000000001e-06  -1.9999999999999999e-06  -6.4719800000000005e-01   3.9999299999999999e-01
  -2.0999949999999998e+00   9.9999999999999995e-07   1.0000020000000001e+00   3.0000000000000001e-06  -1.9999999999999999e-06  -6.4719099999999996e-01   4.9999300000000002e-01
  -2.1000009999999998e+00   9.9999999999999995e-07   1.0000020000000001e+00   3.0000000000000001e-06  -1.9999999999999999e-06  -6.4719800000000005e-01   5.9999999999999998e-01
  -2.0999949999999998e+00   9.9999999999999995e-07   1.0000020000000001e+00   3.0000000000000001e-06  -1.9999999999999999e-06  -6.4719099999999996e-01   6.9999999999999996e-01
  -2.0999949999999998e+00   9.9999999999999995e-07   1.0000070000000001e+00   3.0000000000000001e-06  -1.9999999999999999e-06  -5.4719099999999998e-01   9.9992999999999999e-02
  -2.1000009999999998e+00   9.9999999999999995e-07   1.0000020000000001e+00   3.0000000000000001e-06  -1.9999999999999999e-06  -5.4719899999999999e-01   1.9999300000000000e-01
  -2.0999949999999998e+00   9.9999999999999995e-07   1.0000020000000001e+00   3.0000000000000001e-06  -1.9999999999999999e-06  -5.4719099999999998e-01   2.9999300000000001e-01
  -2.0999949999999998e+00   9.9999999999999995e-07   1.0000020000000001e+00   3.0000000000000001e-06  -1.9999999999999999e-06  -5.4719099999999998e-01   3.9999299999999999e-01
  -2.0999949999999998e+00   9.9999999999999995e-07   1.0000020000000001e+00   3.0000000000000001e-06  -1.9999999999999999e-06  -5.4719099999999998e-01   4.9999300000000002e-01
  -2.1000009999999998e+00   9.9999999999999995e-07   1.0000020000000001e+00   3.0000000000000001e-06  -1.9999999999999999e-06  -5.4719899999999999e-01   5.9999999999999998e-01
  -2.0999949999999998e+00   9.9999999999999995e-07   1.0000020000000001e+00   3.0000000000000001e-06  -1.9999999999999999e-06  -5.4719099999999998e-01   6.9999999999999996e-01
  -2.0999949999999998e+00   9.9999999999999995e-07   1.0000020000000001e+00   3.0000000000000001e-06  -1.9999999999999999e-06  -4.4719100000000001e-01   9.9992999999999999e-02
  -2.1000009999999998e+00   9.9999999999999995e-07   1.0000020000000001e+00   3.0000000000000001e-06  -1.9999999999999999e-06  -4.4719900000000001e-01   1.9999300000000000e-01
  -2.0999949999999998e+00   9.9999999999999995e-07   1.0000020000000001e+00   3.0000000000000001e-06  -1.9999999999999999e-06  -4.4719100000000001e-01   2.9999300000000001e-01
  -2.1000009999999998e+00   9.9999999999999995e-07   1.0000020000000001e+00   3.0000000000000001e-06  -1.9999999999999999e-06  -4.4719900000000001e-01   3.9999299999999999e-01
  -2.0999949999999998e+00   9.9999999999999995e-07   1.0000020000000001e+00   3.0000000000000001e-06  -1.9999999999999999e-06  -4.4719100000000001e-01   4.9999300000000002e-01
  -2.1000009999999998e+00   9.9999999999999995e-07   1.0000020000000001e+00   3.0000000000000001e-06  -1.9999999999999999e-06  -4.4719900000000001e-01   5.9999999999999998e-01
  -2.0999949999999998e+00   9.9999999999999995e-07   1.0000020000000001e+00   3.0000000000000001e-06  -1.9999999999999999e-06  -4.4719100000000001e-01   6.9999999999999996e-01
  -2.0999949999999998e+00   9.9999999999999995e-07   1.0000020000000001e+00   3.0000000000000001e-06  -1.9999999999999999e-06  -3.4719100000000003e-01   9.9992999999999999e-02
  -2.0999949999999998e+00   9.9999999999999995e-07   1.0000020000000001e+00   3.0000000000000001e-06  -1.9999999999999999e-06  -3.4719100000000003e-01   1.9999300000000000e-01
  -2.1000009999999998e+00   9.9999999999999995e-07   1.0000020000000001e+00   3.0000000000000001e-06  -1.9999999999999999e-06  -3.4719899999999998e-01   2.9999300000000001e-01
  -2.0999949999999998e+00   9.9999999999999995e-07   1.0000020000000001e+00   3.0000000000000001e-06  -1.9999999999999999e-06  -3.4719100000000003e-01   3.9999299999999999e-01
  -2.1000009999999998e+00   9.9999999999999995e-07   1.0000020000000001e+00   3.0000000000000001e-06  -1.9999999999999999e-06  -3.4719899999999998e-01   4.9999300000000002e-01
  -2.0999949999999998e+00   9.9999999999999995e-07   1.0000020000000001e+00   3.0000000000000001e-06  -1.9999999999999999e-06  -3.4719100000000003e-01   5.9999999999999998e-01
  -2.0999949999999998e+00   9.9999999999999995e-07   1.0000020000000001e+00   3.0000000000000001e-06  -1.9999999999999999e-06  -3.4719100000000003e-01   6.9999999999999996e-01
  -2.1000009999999998e+00   9.9999999999999995e-07   1.0000020000000001e+00   3.0000000000000001e-06  -1.9999999999999999e-06  -2.4719099999999999e-01   9.9992999999999999e-02
  -2.0999949999999998e+00   9.9999999999999995e-07   1.0000020000000001e+00   3.0000000000000001e-06  -1.9999999999999999e-06  -2.4719099999999999e-01   1.9999300000000000e-01
  -2.1000009999999998e+00   9.9999999999999995e-07   1.0000020000000001e+00   3.0000000000000001e-06  -1.9999999999999999e-06  -2.4719099999999999e-01   2.9999300000000001e-01
  -2.0999949999999998e+00   9.9999999999999995e-07   1.0000020000000001e+00   3.0000000000000001e-06  -1.9999999999999999e-06  -2.4719099999999999e-01   3.9999299999999999e-01
  -2.1000009999999998e+00   9.9999999999999995e-07   1.0000020000000001e+00   3.0000000000000001e-06  -1.9999999999999999e-06  -2.4719099999999999e-01   4.9999300000000002e-01
  -2.0999949999999998e+00   9.9999999999999995e-07   1.0000020000000001e+00   3.0000000000000001e-06  -1.9999999999999999e-06  -2.4719099999999999e-01   5.9999999999999998e-01
  -2.1000009999999998e+00   9.9999999999999995e-07   1.0000020000000001e+00   3.0000000000000001e-06  -1.9999999999999999e-06  -2.4719099999999999e-01   6.9999999999999996e-01
  -2.0999949999999998e+00   9.9999999999999995e-07   1.0000020000000001e+00   3.0000000000000001e-06  -1.9999999999999999e-06  -1.4719199999999999e-01   9.9992999999999999e-02
  -2.1000009999999998e+00   9.9999999999999995e-07   1.0000020000000001e+00   3.0000000000000001e-06  -1.9999999999999999e-06  -1.4719199999999999e-01   1.9999300000000000e-01
  -2.0999949999999998e+00   9.9999999999999995e-07   1.0000020000000001e+00   3.0000000000000001e-06  -1.9999999999999999e-06  -1.4719199999999999e-01   2.9999300000000001e-01
  -2.1000009999999998e+00   9.9999999999999995e-07   1.0000020000000001e+00   3.0000000000000001e-06  -1.9999999999999999e-06  -1.4719199999999999e-01   3.9999299999999999e-01
  -2.0999949999999998e+00   9.9999999999999995e-07   1.0000020000000001e+00   3.0000000000000001e-06  -1.9999999999999999e-06  -1.4719199999999999e-01   4.9999300000000002e-01
  -2.0999949999999998e+00   9.9999999999999995e-07   1.0000020000000001e+00   3.0000000000000001e-06  -1.9999999999999999e-06  -1.4719199999999999e-01   5.9999999999999998e-01
  -2.1000009999999998e+00   9.9999999999999995e-07   1.0000020000000001e+00   3.0000000000000001e-06  -1.9999999999999999e-06  -1.4719199999999999e-01   6.9999999999999996e-01
  -2.0999949999999998e+00   9.9999999999999995e-07   1.0000020000000001e+00   3.0000000000000001e-06  -1.9999999999999999e-06  -4.7191999999999998e-02   9.9992999999999999e-02
  -2.1000009999999998e+00   9.9999999999999995e-07   1.0000020000000001e+00   3.0000000000000001e-06  -1.9999999999999999e-06  -4.7191999999999998e-02   1.9999300000000000e-01
  -2.0999949999999998e+00   9.9999999999999995e-07   1.0000020000000001e+00   3.0000000000000001e-06  -1.9999999999999999e-06  -4.7191999999999998e-02   2.9999300000000001e-01
  -2.1000009999999998e+00   9.9999999999999995e-07   1.0000020000000001e+00   3.0000000000000001e-06  -1.9999999999999999e-06  -4.7191999999999998e-02   3.9999299999999999e-01
  -2.0999949999999998e+00   9.9999999999999995e-07   1.0000020000000001e+00   3.0000000000000001e-06  -1.9999999999999999e-06  -4.7191999999999998e-02   4.9999300000000002e-01
  -2.1000009999999998e+00   9.9999999999999995e-07   1.0000020000000001e+00   3.0000000000000001e-06  -1.9999999999999999e-06  -4.7191999999999998e-02   5.9999999999999998e-01
  -2.0999949999999998e+00   9.9999999999999995e-07   1.0000020000000001e+00   3.0000000000000001e-06  -1.9999999999999999e-06  -4.7191999999999998e-02   6.9999999999999996e-01
  -2.1000009999999998e+00   9.9999999999999995e-07   1.0000020000000001e+00   3.0000000000000001e-06  -1.9999999999999999e-06   5.2808000000000001e-02   9.9992999999999999e-02
  -2.0999949999999998e+00   9.9999999999999995e-07   1.0000020000000001e+00   3.0000000000000001e-06  -1.9999999999999999e-06   5.2808000000000001e-02   1.9999300000000000e-01
  -2.1000009999999998e+00   9.9999999999999995e-07   1.0000020000000001e+00   3.0000000000000001e-06  -1.9999999999999999e-06   5.2808000000000001e-02   2.9999300000000001e-01
  -2.0999949999999998e+00   9.9999999999999995e-07   1.0000020000000001e+00   3.0000000000000001e-06  -1.9999999999999999e-06   5.2808000000000001e-02   3.9999299999999999e-01
  -2.1000009999999998e+00   9.9999999999999995e-07   1.0000020000000001e+00   3.0000000000000001e-06  -1.9999999999999999e-06   5.2808000000000001e-02   4.9999300000000002e-01
  -2.0999949999999998e+00   9.9999999999999995e-07   1.0000020000000001e+00   3.0000000000000001e-06  -1.9999999999999999e-06   5.2808000000000001e-02   5.9999999999999998e-01
  -2.1000009999999998e+00   9.9999999999999995e-07   1.0000020000000001e+00   3.0000000000000001e-06  -1.9999999999999999e-06   5.2808000000000001e-02   6.9999199999999995e-01
  -2.0999949999999998e+00   9.9999999999999995e-07   1.0000020000000001e+00   3.0000000000000001e-06  -1.9999999999999999e-06   1.5280800000000000e-01   9.9992999999999999e-02
  -2.0999949999999998e+00   9.9999999999999995e-07   1.0000020000000001e+00   3.0000000000000001e-06  -1.9999999999999999e-06   1.5280800000000000e-01   1.9999300000000000e-01
  -2.1000009999999998e+00   9.9999999999999995e-07   1.0000020000000001e+00   3.0000000000000001e-06  -1.9999999999999999e-06   1.5280800000000000e-01   2.9998500000000000e-01
  -2.0999949999999998e+00   9.9999999999999995e-07   1.0000020000000001e+00   3.0000000000000001e-06  -1.9999999999999999e-06   1.5280800000000000e-01   3.9999299999999999e-01
  -2.1000009999999998e+00   9.9999999999999995e-07   1.0000020000000001e+00   3.0000000000000001e-06  -1.9999999999999999e-06   1.5280800000000000e-01   4.9999300000000002e-01
  -2.0999949999999998e+00   9.9999999999999995e-07   1.0000020000000001e+00   3.0000000000000001e-06  -1.9999999999999999e-06   1.5280800000000000e-01   5.9999999999999998e-01
  -2.1000009999999998e+00   9.9999999999999995e-07   1.0000020000000001e+00   3.0000000000000001e-06  -1.9999999999999999e-06   1.5280800000000000e-01   6.9999999999999996e-01
  -2.0999949999999998e+00   9.9999999999999995e-07   1.0000020000000001e+00   3.0000000000000001e-06  -1.9999999999999999e-06   2.5280799999999998e-01   9.9992999999999999e-02
  -2.1000009999999998e+00   9.9999999999999995e-07   1.0000020000000001e+00   3.0000000000000001e-06  -1.9999999999999999e-06   2.5280799999999998e-01   1.9999300000000000e-01
  -2.0999949999999998e+00   9.9999999999999995e-07   1.0000020000000001e+00   3.0000000000000001e-06  -1.9999999999999999e-06   2.5280799999999998e-01   2.9999300000000001e-01
  -2.1000009999999998e+00   9.9999999999999995e-07   1.0000020000000001e+00   3.0000000000000001e-06  -1.9999999999999999e-06   2.5280799999999998e-01   3.9999299999999999e-01
  -2.0999949999999998e+00   9.9999999999999995e-07   1.0000020000000001e+00   3.0000000000000001e-06  -1.9999999999999999e-06   2.5280799999999998e-01   4.9999300000000002e-01
  -2.1000009999999998e+00   9.9999999999999995e-07   1.0000020000000001e+00   3.0000000000000001e-06  -1.9999999999999999e-06   2.5280799999999998e-01   5.9999999999999998e-01
  -2.0999949999999998e+00   9.9999999999999995e-07   1.0000020000000001e+00   3.0000000000000001e-06  -1.9999999999999999e-06   2.5280799999999998e-01   6.9999999999999996e-01
  -2.1000009999999998e+00   9.9999999999999995e-07   1.0000020000000001e+00   3.0000000000000001e-06  -1.9999999999999999e-06   3.5280800000000001e-01   1.0000000000000001e-01
  -2.0999949999999998e+00   9.9999999999999995e-07   1.0000020000000001e+00   3.0000000000000001e-06  -1.9999999999999999e-06   3.5280800000000001e-01   1.9999300000000000e-01
  -2.1000009999999998e+00   9.9999999999999995e-07   1.0000020000000001e+00   3.0000000000000001e-06  -1.9999999999999999e-06   3.5280800000000001e-01   2.9999300000000001e-01
  -2.0999949999999998e+00   9.9999999999999995e-07   1.0000020000000001e+00   3.0000000000000001e-06  -1.9999999999999999e-06   3.5280800000000001e-01   3.9999299999999999e-01
  -2.1000009999999998e+00   9.9999999999999995e-07   1.0000020000000001e+00   3.0000000000000001e-06  -1.9999999999999999e-06   3.5280800000000001e-01   4.9999300000000002e-01
  -2.0999949999999998e+00   9.9999999999999995e-07   1.0000020000000001e+00   3.0000000000000001e-06  -1.9999999999999999e-06   3.5280800000000001e-01   5.9999999999999998e-01
  -2.1000060000000000e+00   9.9999999999999995e-07   1.0000070000000001e+00   3.0000000000000001e-06  -1.9999999999999999e-06   3.5280800000000001e-01   6.9999999999999996e-01
  -2.0999949999999998e+00   9.9999999999999995e-07   1.0000020000000001e+00   3.0000000000000001e-06  -1.9999999999999999e-06   4.5280799999999999e-01   1.0000000000000001e-01
  -2.1000009999999998e+00   9.9999999999999995e-07   1.0000020000000001e+00   3.0000000000000001e-06  -1.9999999999999999e-06   4.5280799999999999e-01   1.9999300000000000e-01
  -2.0999949999999998e+00   9.9999999999999995e-07   1.0000020000000001e+00   3.0000000000000001e-06  -1.9999999999999999e-06   4.5280799999999999e-01   2.9999300000000001e-01
  -2.1000009999999998e+00   9.9999999999999995e-07   1.0000020000000001e+00   3.0000000000000001e-06  -1.9999999999999999e-06   4.5280799999999999e-01   3.9999299999999999e-01
  -2.0999949999999998e+00   9.9999999999999995e-07   1.0000020000000001e+00   3.0000000000000001e-06  -1.9999999999999999e-06   4.5280799999999999e-01   4.9999300000000002e-01
  -2.0999949999999998e+00   9.9999999999999995e-07   1.0000020000000001e+00   3.0000000000000001e-06  -1.9999999999999999e-06   4.5280799999999999e-01   5.9999999999999998e-01
  -2.1000009999999998e+00   9.9999999999999995e-07   1.0000020000000001e+00   3.0000000000000001e-06  -1.9999999999999999e-06   4.5280799999999999e-01   6.9999999999999996e-01
