  -2.2500000000000000e+00  -1.4999499999999999e-01   9.5000300000000004e-01  -1.4999899999999999e-01  -1.5000200000000000e-01  -1.4999699999999999e-01   6.9999999999999996e-01
  -2.2500000000000000e+00  -1.4999499999999999e-01   9.5000300000000004e-01  -1.4999899999999999e-01  -1.5000200000000000e-01   6.9999999999999999e-06   6.9999299999999998e-01
  -2.2500000000000000e+00  -1.4999999999999999e-01   9.5000300000000004e-01  -1.4999899999999999e-01  -1.5000200000000000e-01   1.5000300000000000e-01   6.9999999999999996e-01
  -2.2500000000000000e+00  -1.4999499999999999e-01   9.5000300000000004e-01  -1.4999899999999999e-01  -6.0000000000000002e-06  -1.4999699999999999e-01   6.9999299999999998e-01
  -2.2500000000000000e+00  -1.4999499999999999e-01   9.5000300000000004e-01  -1.4999899999999999e-01  -6.0000000000000002e-06   6.9999999999999999e-06   6.9999999999999996e-01
  -2.2500000000000000e+00  -1.4999499999999999e-01   9.5000300000000004e-01  -1.4999899999999999e-01  -6.0000000000000002e-06   1.5000300000000000e-01   6.9999299999999998e-01
  -2.2500000000000000e+00  -1.4999999999999999e-01   9.5000300000000004e-01  -1.4999899999999999e-01   1.4999799999999999e-01  -1.4999699999999999e-01   6.9999999999999996e-01
  -2.2500000000000000e+00  -1.4999499999999999e-01   9.5000300000000004e-01  -1.4999899999999999e-01   1.4999799999999999e-01   6.9999999999999999e-06   6.9999299999999998e-01
  -2.2500000000000000e+00  -1.4999999999999999e-01   9.5000300000000004e-01  -1.4999899999999999e-01   1.4999799999999999e-01   1.5000300000000000e-01   6.9998600000000000e-01
  -2.2500000000000000e+00  -1.4999499999999999e-01   9.5000300000000004e-01   9.9999999999999995e-07  -1.5000200000000000e-01  -1.4999699999999999e-01   6.9999299999999998e-01
  -2.2500000000000000e+00  -1.4999499999999999e-01   9.5000300000000004e-01   9.9999999999999995e-07  -1.5000200000000000e-01   6.9999999999999999e-06   6.9999299999999998e-01
  -2.2500000000000000e+00  -1.4999499999999999e-01   9.5000300000000004e-01   9.9999999999999995e-07  -1.5000200000000000e-01   1.5000300000000000e-01   6.9999299999999998e-01
  -2.2500000000000000e+00  -1.4999999999999999e-01   9.5000300000000004e-01   9.9999999999999995e-07  -6.0000000000000002e-06  -1.4999699999999999e-01   6.9999999999999996e-01
  -2.2500000000000000e+00  -1.4999499999999999e-01   9.5000300000000004e-01   9.9999999999999995e-07  -6.0000000000000002e-06   6.9999999999999999e-06   6.9999299999999998e-01
  -2.2500000000000000e+00  -1.4999499999999999e-01   9.5000300000000004e-01   9.9999999999999995e-07  -6.0000000000000002e-06   1.5000300000000000e-01   6.9998600000000000e-01
  -2.2500000000000000e+00  -1.4999999999999999e-01   9.5000300000000004e-01   9.9999999999999995e-07   1.4999799999999999e-01  -1.4999699999999999e-01   6.9999999999999996e-01
  -2.2500000000000000e+00  -1.4999499999999999e-01   9.5000300000000004e-01   9.9999999999999995e-07   1.4999799999999999e-01   6.9999999999999999e-06   6.9999299999999998e-01
  -2.2500000000000000e+00  -1.4999999999999999e-01   9.5000300000000004e-01   9.9999999999999995e-07   1.4999799999999999e-01   1.5000300000000000e-01   6.9999999999999996e-01
  -2.2500000000000000e+00  -1.4999499999999999e-01   9.5000300000000004e-01   1.5000200000000000e-01  -1.5000200000000000e-01  -1.4999699999999999e-01   6.9999299999999998e-01
  -2.2500000000000000e+00  -1.4999999999999999e-01   9.5000300000000004e-01   1.5000200000000000e-01  -1.5000200000000000e-01   6.9999999999999999e-06   7.0000799999999996e-01
  -2.2500000000000000e+00  -1.4999499999999999e-01   9.5000300000000004e-01   1.5000200000000000e-01  -1.5000200000000000e-01   1.5000300000000000e-01   6.9999299999999998e-01
  -2.2500000000000000e+00  -1.4999499999999999e-01   9.5000300000000004e-01   1.5000200000000000e-01  -6.0000000000000002e-06  -1.4999699999999999e-01   6.9999299999999998e-01
  -2.2500000000000000e+00  -1.4999499999999999e-01   9.5000300000000004e-01   1.5000200000000000e-01  -6.0000000000000002e-06   6.9999999999999999e-06   6.9999299999999998e-01
  -2.2500000000000000e+00  -1.4999499999999999e-01   9.5000300000000004e-01   1.5000200000000000e-01  -6.0000000000000002e-06   1.5000300000000000e-01   6.9999299999999998e-01
  -2.2500000000000000e+00  -1.4999999999999999e-01   9.5000300000000004e-01   1.5000200000000000e-01   1.4999799999999999e-01  -1.4999699999999999e-01   6.9999999999999996e-01
  -2.2500000000000000e+00  -1.4999499999999999e-01   9.5000300000000004e-01   1.5000200000000000e-01   1.4999799999999999e-01   6.9999999999999999e-06   6.9999299999999998e-01
  -2.2500000000000000e+00  -1.4999999999999999e-01   9.5000300000000004e-01   1.5000200000000000e-01   1.4999799999999999e-01   1.5000300000000000e-01   6.9999999999999996e-01
  -2.2500000000000000e+00  -1.4999499999999999e-01   1.1000030000000001e+00  -1.4999899999999999e-01  -1.5000200000000000e-01  -1.4999699999999999e-01   6.9999299999999998e-01
  -2.2500000000000000e+00  -1.4999999999999999e-01   1.1000030000000001e+00  -1.4999899999999999e-01  -1.5000200000000000e-01   6.9999999999999999e-06   6.9999999999999996e-01
  -2.2500000000000000e+00  -1.4999499999999999e-01   1.1000030000000001e+00  -1.4999899999999999e-01  -1.5000200000000000e-01   1.5000300000000000e-01   6.9999299999999998e-01
  -2.2500000000000000e+00  -1.4999999999999999e-01   1.1000030000000001e+00  -1.4999899999999999e-01  -6.0000000000000002e-06  -1.4999699999999999e-01   6.9999999999999996e-01
  -2.2500000000000000e+00  -1.4999499999999999e-01   1.1000030000000001e+00  -1.4999899999999999e-01  -6.0000000000000002e-06   6.9999999999999999e-06   6.9999299999999998e-01
  -2.2500000000000000e+00  -1.4999999999999999e-01   1.1000030000000001e+00  -1.4999899999999999e-01  -6.0000000000000002e-06   1.5000300000000000e-01   6.9999999999999996e-01
  -2.2500000000000000e+00  -1.4999499999999999e-01   1.1000090000000000e+00  -1.4999899999999999e-01   1.4999799999999999e-01  -1.4999699999999999e-01   6.9999299999999998e-01
  -2.2500000000000000e+00  -1.4999499999999999e-01   1.1000030000000001e+00  -1.4999899999999999e-01   1.4999799999999999e-01   6.9999999999999999e-06   6.9999299999999998e-01
  -2.2500000000000000e+00  -1.4999999999999999e-01   1.1000030000000001e+00  -1.4999899999999999e-01   1.4999799999999999e-01   1.5000300000000000e-01   6.9999299999999998e-01
  -2.2500000000000000e+00  -1.4999499999999999e-01   1.1000030000000001e+00   9.9999999999999995e-07  -1.5000200000000000e-01  -1.4999699999999999e-01   6.9999999999999996e-01
  -2.2500000000000000e+00  -1.4999999999999999e-01   1.1000030000000001e+00   9.9999999999999995e-07  -1.5000200000000000e-01   6.9999999999999999e-06   6.9999999999999996e-01
  -2.2500000000000000e+00  -1.4999499999999999e-01   1.1000030000000001e+00   9.9999999999999995e-07  -1.5000200000000000e-01   1.5000300000000000e-01   6.9999999999999996e-01
  -2.2500000000000000e+00  -1.4999999999999999e-01   1.1000030000000001e+00   9.9999999999999995e-07  -6.0000000000000002e-06  -1.4999699999999999e-01   6.9999299999999998e-01
  -2.2500000000000000e+00  -1.4999499999999999e-01   1.1000030000000001e+00   9.9999999999999995e-07  -6.0000000000000002e-06   6.9999999999999999e-06   6.9999999999999996e-01
  -2.2500000000000000e+00  -1.4999999999999999e-01   1.1000030000000001e+00   9.9999999999999995e-07  -6.0000000000000002e-06   1.4999499999999999e-01   6.9999299999999998e-01
  -2.2500000000000000e+00  -1.4999499999999999e-01   1.1000030000000001e+00   9.9999999999999995e-07   1.4999799999999999e-01  -1.4999699999999999e-01   6.9999999999999996e-01
  -2.2500000000000000e+00  -1.4999499999999999e-01   1.1000030000000001e+00   9.9999999999999995e-07   1.4999799999999999e-01   6.9999999999999999e-06   6.9999299999999998e-01
  -2.2500000000000000e+00  -1.4999499999999999e-01   1.1000030000000001e+00   9.9999999999999995e-07   1.4999799999999999e-01   1.5000300000000000e-01   6.9999299999999998e-01
  -2.2500000000000000e+00  -1.4999999999999999e-01   1.1000030000000001e+00   1.5000200000000000e-01  -1.5000200000000000e-01  -1.4999699999999999e-01   6.9999999999999996e-01
  -2.2500000000000000e+00  -1.4999499999999999e-01   1.1000090000000000e+00   1.5000200000000000e-01  -1.5000200000000000e-01   6.9999999999999999e-06   6.9999299999999998e-01
  -2.2500000000000000e+00  -1.4999999999999999e-01   1.1000030000000001e+00   1.5000200000000000e-01  -1.5000200000000000e-01   1.5000300000000000e-01   6.9999999999999996e-01
  -2.2500000000000000e+00  -1.4999499999999999e-01   1.1000030000000001e+00   1.5000200000000000e-01  -6.0000000000000002e-06  -1.4999699999999999e-01   6.9999299999999998e-01
  -2.2500000000000000e+00  -1.4999999999999999e-01   1.1000030000000001e+00   1.5000200000000000e-01  -6.0000000000000002e-06   6.9999999999999999e-06   6.9999999999999996e-01
  -2.2500000000000000e+00  -1.4999499999999999e-01   1.1000030000000001e+00   1.5000200000000000e-01  -6.0000000000000002e-06   1.5000300000000000e-01   6.9999299999999998e-01
  -2.2500000000000000e+00  -1.4999499999999999e-01   1.1000030000000001e+00   1.5000200000000000e-01   1.4999799999999999e-01  -1.4999699999999999e-01   6.9999299999999998e-01
  -2.2500000000000000e+00  -1.4999499999999999e-01   1.1000030000000001e+00   1.5000200000000000e-01   1.4999799999999999e-01   6.9999999999999999e-06   6.9999299999999998e-01
  -2.2500000000000000e+00  -1.4999999999999999e-01   1.1000030000000001e+00   1.5000200000000000e-01   1.4999799999999999e-01   1.5000300000000000e-01   6.9999999999999996e-01
  -2.2500000000000000e+00  -1.4999499999999999e-01   1.2500039999999999e+00  -1.4999899999999999e-01  -1.5000200000000000e-01  -1.4999699999999999e-01   6.9999299999999998e-01
  -2.2500000000000000e+00  -1.4999999999999999e-01   1.2500039999999999e+00  -1.4999899999999999e-01  -1.5000200000000000e-01   6.9999999999999999e-06   6.9999999999999996e-01
  -2.2500000000000000e+00  -1.4999499999999999e-01   1.2500039999999999e+00  -1.4999899999999999e-01  -1.5000200000000000e-01   1.5000300000000000e-01   6.9999299999999998e-01
  -2.2500000000000000e+00  -1.4999999999999999e-01   1.2500039999999999e+00  -1.4999899999999999e-01  -6.0000000000000002e-06  -1.4999699999999999e-01   6.9999999999999996e-01
  -2.2500000000000000e+00  -1.4999499999999999e-01   1.2500039999999999e+00  -1.4999899999999999e-01  -6.0000000000000002e-06   6.9999999999999999e-06   6.9999299999999998e-01
  -2.2500000000000000e+00  -1.4999999999999999e-01   1.2500039999999999e+00  -1.4999899999999999e-01  -6.0000000000000002e-06   1.5000300000000000e-01   6.9999999999999996e-01
  -2.2500000000000000e+00  -1.4999499999999999e-01   1.2500039999999999e+00  -1.4999899999999999e-01   1.4999000000000001e-01  -1.4999699999999999e-01   6.9999299999999998e-01
  -2.2500000000000000e+00  -1.4999999999999999e-01   1.2500039999999999e+00  -1.4999899999999999e-01   1.4999799999999999e-01   6.9999999999999999e-06   6.9999999999999996e-01
  -2.2500000000000000e+00  -1.4999499999999999e-01   1.2500039999999999e+00  -1.4999899999999999e-01   1.4999799999999999e-01   1.5000300000000000e-01   6.9999299999999998e-01
  -2.2500000000000000e+00  -1.4999999999999999e-01   1.2500039999999999e+00   9.9999999999999995e-07  -1.5000200000000000e-01  -1.4999699999999999e-01   6.9999999999999996e-01
  -2.2500000000000000e+00  -1.4999499999999999e-01   1.2500039999999999e+00   9.9999999999999995e-07  -1.5000200000000000e-01   6.9999999999999999e-06   6.9999299999999998e-01
  -2.2500000000000000e+00  -1.4999999999999999e-01   1.2500039999999999e+00   9.9999999999999995e-07  -1.5000200000000000e-01   1.5000300000000000e-01   6.9999999999999996e-01
  -2.2500000000000000e+00  -1.4999499999999999e-01   1.2500039999999999e+00   9.9999999999999995e-07  -6.0000000000000002e-06  -1.4999699999999999e-01   6.9999299999999998e-01
  -2.2500000000000000e+00  -1.4999999999999999e-01   1.2500089999999999e+00   9.9999999999999995e-07  -6.0000000000000002e-06   6.9999999999999999e-06   6.9999999999999996e-01
  -2.2500000000000000e+00  -1.4999499999999999e-01   1.2500039999999999e+00   9.9999999999999995e-07  -6.0000000000000002e-06   1.5000300000000000e-01   6.9999299999999998e-01
  -2.2500000000000000e+00  -1.4999999999999999e-01   1.2500039999999999e+00   9.9999999999999995e-07   1.4999799999999999e-01  -1.4999699999999999e-01   6.9999999999999996e-01
  -2.2500000000000000e+00  -1.4999499999999999e-01   1.2500039999999999e+00   9.9999999999999995e-07   1.4999799999999999e-01   6.9999999999999999e-06   6.9999299999999998e-01
  -2.2500000000000000e+00  -1.4999999999999999e-01   1.2500039999999999e+00   9.9999999999999995e-07   1.4999799999999999e-01   1.5000300000000000e-01   6.9999999999999996e-01
  -2.2500000000000000e+00  -1.4999499999999999e-01   1.2500039999999999e+00   1.5000200000000000e-01  -1.5000200000000000e-01  -1.4999699999999999e-01   6.9999299999999998e-01
  -2.2500000000000000e+00  -1.4999999999999999e-01   1.2500039999999999e+00   1.5000200000000000e-01  -1.5000200000000000e-01   6.9999999999999999e-06   6.9999999999999996e-01
  -2.2500000000000000e+00  -1.4999499999999999e-01   1.2500039999999999e+00   1.5000200000000000e-01  -1.5000200000000000e-01   1.5000300000000000e-01   6.9999999999999996e-01
  -2.2500000000000000e+00  -1.4999499999999999e-01   1.2500039999999999e+00   1.5000200000000000e-01  -6.0000000000000002e-06  -1.4999699999999999e-01   6.9999299999999998e-01
  -2.2500000000000000e+00  -1.4999499999999999e-01   1.2500039999999999e+00   1.5000200000000000e-01  -6.0000000000000002e-06   6.9999999999999999e-06   6.9999299999999998e-01
  -2.2500000000000000e+00  -1.4999499999999999e-01   1.2500039999999999e+00   1.5000200000000000e-01  -6.0000000000000002e-06   1.5000300000000000e-01   6.9999299999999998e-01
  -2.2500000000000000e+00  -1.4999999999999999e-01   1.2500039999999999e+00   1.5000200000000000e-01   1.4999799999999999e-01  -1.4999699999999999e-01   6.9999999999999996e-01
  -2.2500000000000000e+00  -1.4999499999999999e-01   1.2500039999999999e+00   1.5000200000000000e-01   1.4999799999999999e-01   6.9999999999999999e-06   6.9999299999999998e-01
  -2.2500000000000000e+00  -1.4999499999999999e-01   1.2500039999999999e+00   1.5000200000000000e-01   1.4999799999999999e-01   1.5000300000000000e-01   6.9999299999999998e-01
  -2.2500000000000000e+00   1.4999999999999999e-01   9.5000300000000004e-01  -1.4999899999999999e-01  -1.5000200000000000e-01  -1.4999699999999999e-01   6.9999999999999996e-01
  -2.2500000000000000e+00   1.4999999999999999e-01   9.5000300000000004e-01  -1.4999899999999999e-01  -1.5000200000000000e-01   6.9999999999999999e-06   6.9999299999999998e-01
  -2.2500000000000000e+00   1.4999999999999999e-01   9.5000300000000004e-01  -1.4999899999999999e-01  -1.4999499999999999e-01   1.5000300000000000e-01   6.9999999999999996e-01
  -2.2500000000000000e+00   1.4999999999999999e-01   9.5000300000000004e-01  -1.4999899999999999e-01  -6.0000000000000002e-06  -1.4999699999999999e-01   6.9999299999999998e-01
  -2.2500000000000000e+00   1.4999999999999999e-01   9.5000300000000004e-01  -1.4999899999999999e-01  -6.0000000000000002e-06   6.9999999999999999e-06   6.9999999999999996e-01
  -2.2500000000000000e+00   1.4999999999999999e-01   9.5000300000000004e-01  -1.4999899999999999e-01  -6.0000000000000002e-06   1.5000300000000000e-01   6.9999299999999998e-01
  -2.2500000000000000e+00   1.4999999999999999e-01   9.5000300000000004e-01  -1.4999899999999999e-01   1.4999799999999999e-01  -1.4999699999999999e-01   6.9999999999999996e-01
  -2.2500000000000000e+00   1.4999999999999999e-01   9.5000300000000004e-01  -1.4999899999999999e-01   1.4999799999999999e-01   6.9999999999999999e-06   6.9999299999999998e-01
  -2.2500000000000000e+00   1.4999999999999999e-01   9.5000300000000004e-01  -1.4999899999999999e-01   1.4999799999999999e-01   1.5000300000000000e-01   6.9999999999999996e-01
  -2.2500000000000000e+00   1.4999999999999999e-01   9.5000300000000004e-01   9.9999999999999995e-07  -1.5000200000000000e-01  -1.4999699999999999e-01   6.9999299999999998e-01
  -2.2500000000000000e+00   1.4999999999999999e-01   9.5000300000000004e-01   9.9999999999999995e-07  -1.5000200000000000e-01   6.9999999999999999e-06   6.9999999999999996e-01
  -2.2500000000000000e+00   1.4999999999999999e-01   9.5000300000000004e-01   9.9999999999999995e-07  -1.5000200000000000e-01   1.5000300000000000e-01   6.9999299999999998e-01
  -2.2500000000000000e+00   1.4999999999999999e-01   9.5000300000000004e-01   9.9999999999999995e-07  -6.0000000000000002e-06  -1.4999699999999999e-01   6.9999999999999996e-01
  -2.2500000000000000e+00   1.4999999999999999e-01   9.5000300000000004e-01   9.9999999999999995e-07  -6.0000000000000002e-06   6.9999999999999999e-06   6.9999299999999998e-01
  -2.2500000000000000e+00   1.4999999999999999e-01   9.5000300000000004e-01   9.9999999999999995e-07  -6.0000000000000002e-06   1.5000300000000000e-01   6.9999999999999996e-01
  -2.2500000000000000e+00   1.4999999999999999e-01   9.5000300000000004e-01   9.9999999999999995e-07   1.4999799999999999e-01  -1.4999699999999999e-01   6.9999299999999998e-01
  -2.2500000000000000e+00   1.4999999999999999e-01   9.5000300000000004e-01   9.9999999999999995e-07   1.4999799999999999e-01   6.9999999999999999e-06   6.9999999999999996e-01
  -2.2500000000000000e+00   1.4999999999999999e-01   9.5000300000000004e-01   9.9999999999999995e-07   1.4999799999999999e-01   1.5000300000000000e-01   6.9999299999999998e-01
  -2.2500000000000000e+00   1.4999999999999999e-01   9.5000300000000004e-01   1.5000200000000000e-01  -1.5000200000000000e-01  -1.4999699999999999e-01   6.9999299999999998e-01
  -2.2500000000000000e+00   1.4999999999999999e-01   9.5000300000000004e-01   1.5000200000000000e-01  -1.5000200000000000e-01   6.9999999999999999e-06   6.9999299999999998e-01
  -2.2500000000000000e+00   1.4999999999999999e-01   9.5000799999999996e-01   1.5000200000000000e-01  -1.5000200000000000e-01   1.5000300000000000e-01   6.9999299999999998e-01
  -2.2500000000000000e+00   1.4999999999999999e-01   9.5000300000000004e-01   1.5000200000000000e-01  -6.0000000000000002e-06  -1.4999699999999999e-01   6.9999999999999996e-01
  -2.2500000000000000e+00   1.4999999999999999e-01   9.5000300000000004e-01   1.5000200000000000e-01  -6.0000000000000002e-06   6.9999999999999999e-06   6.9999299999999998e-01
  -2.2500000000000000e+00   1.4999999999999999e-01   9.5000300000000004e-01   1.5000200000000000e-01  -6.0000000000000002e-06   1.5000300000000000e-01   6.9999999999999996e-01
  -2.2500000000000000e+00   1.4999999999999999e-01   9.5000300000000004e-01   1.5000200000000000e-01   1.4999799999999999e-01  -1.4999699999999999e-01   6.9999299999999998e-01
  -2.2500000000000000e+00   1.4999999999999999e-01   9.5000300000000004e-01   1.5000200000000000e-01   1.4999799999999999e-01   6.9999999999999999e-06   6.9999999999999996e-01
  -2.2500000000000000e+00   1.4999999999999999e-01   9.5000300000000004e-01   1.5000200000000000e-01   1.4999799999999999e-01   1.5000300000000000e-01   6.9999299999999998e-01
  -2.2500000000000000e+00   1.4999999999999999e-01   1.1000030000000001e+00  -1.4999899999999999e-01  -1.5000200000000000e-01  -1.4999699999999999e-01   6.9999999999999996e-01
  -2.2500000000000000e+00   1.4999999999999999e-01   1.1000030000000001e+00  -1.4999899999999999e-01  -1.5000200000000000e-01   6.9999999999999999e-06   6.9999299999999998e-01
  -2.2500000000000000e+00   1.4999999999999999e-01   1.1000030000000001e+00  -1.4999899999999999e-01  -1.5000200000000000e-01   1.5000300000000000e-01   6.9999999999999996e-01
  -2.2500000000000000e+00   1.4999999999999999e-01   1.1000030000000001e+00  -1.4999899999999999e-01  -6.0000000000000002e-06  -1.4999699999999999e-01   6.9999299999999998e-01
  -2.2500000000000000e+00   1.4999999999999999e-01   1.1000030000000001e+00  -1.4999899999999999e-01  -6.0000000000000002e-06   6.9999999999999999e-06   6.9999999999999996e-01
  -2.2500000000000000e+00   1.4999999999999999e-01   1.1000030000000001e+00  -1.4999899999999999e-01  -6.0000000000000002e-06   1.5000300000000000e-01   6.9999299999999998e-01
  -2.2500000000000000e+00   1.4999999999999999e-01   1.1000030000000001e+00  -1.4999899999999999e-01   1.4999799999999999e-01  -1.4999699999999999e-01   6.9999999999999996e-01
  -2.2500000000000000e+00   1.4999999999999999e-01   1.1000030000000001e+00  -1.4999899999999999e-01   1.4999799999999999e-01   6.9999999999999999e-06   6.9999299999999998e-01
  -2.2500000000000000e+00   1.4999999999999999e-01   1.1000030000000001e+00  -1.4999899999999999e-01   1.4999799999999999e-01   1.5000300000000000e-01   6.9999999999999996e-01
  -2.2500000000000000e+00   1.4999999999999999e-01   1.1000030000000001e+00   9.9999999999999995e-07  -1.5000200000000000e-01  -1.4999699999999999e-01   6.9999299999999998e-01
  -2.2500000000000000e+00   1.4999999999999999e-01   1.1000030000000001e+00   9.9999999999999995e-07  -1.5000200000000000e-01   6.9999999999999999e-06   6.9999999999999996e-01
  -2.2500000000000000e+00   1.4999999999999999e-01   1.1000030000000001e+00   9.9999999999999995e-07  -1.5000200000000000e-01   1.5000300000000000e-01   6.9999299999999998e-01
  -2.2500000000000000e+00   1.4999999999999999e-01   1.1000030000000001e+00   9.9999999999999995e-07  -6.0000000000000002e-06  -1.4999699999999999e-01   6.9999999999999996e-01
  -2.2500000000000000e+00   1.4999999999999999e-01   1.1000030000000001e+00   9.9999999999999995e-07  -6.0000000000000002e-06   6.9999999999999999e-06   6.9999299999999998e-01
  -2.2500000000000000e+00   1.4999999999999999e-01   1.1000030000000001e+00   9.9999999999999995e-07  -6.0000000000000002e-06   1.5000300000000000e-01   6.9999999999999996e-01
  -2.2500000000000000e+00   1.4999999999999999e-01   1.1000030000000001e+00   9.9999999999999995e-07   1.4999799999999999e-01  -1.4999699999999999e-01   6.9999299999999998e-01
  -2.2500000000000000e+00   1.4999999999999999e-01   1.1000030000000001e+00   9.9999999999999995e-07   1.4999799999999999e-01   6.9999999999999999e-06   6.9999999999999996e-01
  -2.2500000000000000e+00   1.4999999999999999e-01   1.1000030000000001e+00   9.9999999999999995e-07   1.4999799999999999e-01   1.5000300000000000e-01   6.9999299999999998e-01
  -2.2500000000000000e+00   1.4999999999999999e-01   1.1000030000000001e+00   1.5000200000000000e-01  -1.5000200000000000e-01  -1.4999699999999999e-01   6.9999999999999996e-01
  -2.2500000000000000e+00   1.4999999999999999e-01   1.1000030000000001e+00   1.5000200000000000e-01  -1.5000200000000000e-01   6.9999999999999999e-06   6.9999299999999998e-01
  -2.2500000000000000e+00   1.4999999999999999e-01   1.1000030000000001e+00   1.5000200000000000e-01  -1.5000200000000000e-01   1.5000300000000000e-01   6.9999999999999996e-01
  -2.2500000000000000e+00   1.4999999999999999e-01   1.1000030000000001e+00   1.5000200000000000e-01  -6.0000000000000002e-06  -1.4999699999999999e-01   6.9999299999999998e-01
  -2.2500000000000000e+00   1.4999999999999999e-01   1.1000030000000001e+00   1.5000200000000000e-01  -6.0000000000000002e-06   6.9999999999999999e-06   6.9999999999999996e-01
  -2.2500000000000000e+00   1.4999999999999999e-01   1.1000030000000001e+00   1.5000200000000000e-01  -6.0000000000000002e-06   1.5000300000000000e-01   6.9999299999999998e-01
  -2.2500000000000000e+00   1.4999999999999999e-01   1.1000030000000001e+00   1.5000200000000000e-01   1.4999799999999999e-01  -1.4999699999999999e-01   6.9999999999999996e-01
  -2.2500000000000000e+00   1.4999999999999999e-01   1.1000030000000001e+00   1.5000200000000000e-01   1.4999799999999999e-01   6.9999999999999999e-06   6.9999299999999998e-01
  -2.2500000000000000e+00   1.4999999999999999e-01   1.1000030000000001e+00   1.5000200000000000e-01   1.4999799999999999e-01   1.5001000000000000e-01   6.9999999999999996e-01
  -2.2500000000000000e+00   1.4999999999999999e-01   1.2500039999999999e+00  -1.4999899999999999e-01  -1.5000200000000000e-01  -1.4999699999999999e-01   6.9999999999999996e-01
  -2.2500000000000000e+00   1.4999999999999999e-01   1.2500039999999999e+00  -1.4999899999999999e-01  -1.5000200000000000e-01   6.9999999999999999e-06   6.9999299999999998e-01
  -2.2500000000000000e+00   1.4999999999999999e-01   1.2500039999999999e+00  -1.4999899999999999e-01  -1.5000200000000000e-01   1.5000300000000000e-01   6.9999999999999996e-01
  -2.2500000000000000e+00   1.4999999999999999e-01   1.2500039999999999e+00  -1.4999899999999999e-01  -6.0000000000000002e-06  -1.4999699999999999e-01   6.9999299999999998e-01
  -2.2500000000000000e+00   1.4999999999999999e-01   1.2500039999999999e+00  -1.4999899999999999e-01  -6.0000000000000002e-06   6.9999999999999999e-06   6.9999999999999996e-01
  -2.2500000000000000e+00   1.4999999999999999e-01   1.2500039999999999e+00  -1.4999899999999999e-01  -6.0000000000000002e-06   1.5000300000000000e-01   6.9999299999999998e-01
  -2.2500000000000000e+00   1.4999999999999999e-01   1.2500039999999999e+00  -1.4999899999999999e-01   1.4999799999999999e-01  -1.4999699999999999e-01   6.9999999999999996e-01
  -2.2500000000000000e+00   1.4999999999999999e-01   1.2500039999999999e+00  -1.4999899999999999e-01   1.4999799999999999e-01   6.9999999999999999e-06   6.9999299999999998e-01
  -2.2500000000000000e+00   1.4999999999999999e-01   1.2500039999999999e+00  -1.4999899999999999e-01   1.4999799999999999e-01   1.5000300000000000e-01   6.9999999999999996e-01
  -2.2500000000000000e+00   1.4999999999999999e-01   1.2500039999999999e+00   9.9999999999999995e-07  -1.5000200000000000e-01  -1.4999699999999999e-01   6.9999299999999998e-01
  -2.2500000000000000e+00   1.4999999999999999e-01   1.2500039999999999e+00   9.9999999999999995e-07  -1.5000200000000000e-01   6.9999999999999999e-06   6.9999299999999998e-01
  -2.2500000000000000e+00   1.4999999999999999e-01   1.2500039999999999e+00   9.9999999999999995e-07  -1.5000200000000000e-01   1.5000300000000000e-01   6.9999299999999998e-01
  -2.2500000000000000e+00   1.4999999999999999e-01   1.2500039999999999e+00   9.9999999999999995e-07  -6.0000000000000002e-06  -1.4999699999999999e-01   6.9999999999999996e-01
  -2.2500000000000000e+00   1.4999999999999999e-01   1.2500039999999999e+00   9.9999999999999995e-07  -6.0000000000000002e-06   6.9999999999999999e-06   6.9999299999999998e-01
  -2.2500000000000000e+00   1.4999999999999999e-01   1.2500039999999999e+00   9.9999999999999995e-07  -6.0000000000000002e-06   1.5000300000000000e-01   6.9999999999999996e-01
  -2.2500000000000000e+00   1.4999999999999999e-01   1.2500039999999999e+00   9.9999999999999995e-07   1.4999799999999999e-01  -1.4999699999999999e-01   6.9999299999999998e-01
  -2.2500000000000000e+00   1.4999999999999999e-01   1.2500039999999999e+00   9.9999999999999995e-07   1.4999799999999999e-01   6.9999999999999999e-06   6.9999999999999996e-01
  -2.2500000000000000e+00   1.4999999999999999e-01   1.2500039999999999e+00   9.9999999999999995e-07   1.4999799999999999e-01   1.5000300000000000e-01   6.9999299999999998e-01
  -2.2500000000000000e+00   1.4999999999999999e-01   1.2500039999999999e+00   1.5000200000000000e-01  -1.5000200000000000e-01  -1.4999699999999999e-01   6.9999299999999998e-01
  -2.2500000000000000e+00   1.4999999999999999e-01   1.2500039999999999e+00   1.5000200000000000e-01  -1.5000200000000000e-01   6.9999999999999999e-06   6.9999999999999996e-01
  -2.2500000000000000e+00   1.4999999999999999e-01   1.2500039999999999e+00   1.5000200000000000e-01  -1.5000200000000000e-01   1.5000300000000000e-01   6.9999299999999998e-01
  -2.2500000000000000e+00   1.4999999999999999e-01   1.2500039999999999e+00   1.5000200000000000e-01  -6.0000000000000002e-06  -1.4999699999999999e-01   6.9999999999999996e-01
  -2.2500000000000000e+00   1.4999999999999999e-01   1.2500039999999999e+00   1.5000200000000000e-01  -6.0000000000000002e-06   6.9999999999999999e-06   6.9999299999999998e-01
  -2.2500000000000000e+00   1.4999999999999999e-01   1.2500039999999999e+00   1.5000200000000000e-01  -6.0000000000000002e-06   1.5000300000000000e-01   6.9999999999999996e-01
  -2.2500000000000000e+00   1.4999999999999999e-01   1.2500039999999999e+00   1.5000200000000000e-01   1.4999799999999999e-01  -1.4999699999999999e-01   6.9999299999999998e-01
  -2.2500000000000000e+00   1.4999999999999999e-01   1.2500039999999999e+00   1.5000200000000000e-01   1.4999799999999999e-01   6.9999999999999999e-06   6.9999999999999996e-01
  -2.2500000000000000e+00   1.4999999999999999e-01   1.2500039999999999e+00   1.5000200000000000e-01   1.4999799999999999e-01   1.5000300000000000e-01   6.9999299999999998e-01
  -1.9499990000000000e+00  -1.4999499999999999e-01   9.5000300000000004e-01  -1.4999899999999999e-01  -1.5000200000000000e-01  -1.4999699999999999e-01   6.9999999999999996e-01
  -1.9499990000000000e+00  -1.4999999999999999e-01   9.5000300000000004e-01  -1.4999899999999999e-01  -1.5000200000000000e-01   6.9999999999999999e-06   6.9999299999999998e-01
  -1.9499990000000000e+00  -1.4999499999999999e-01   9.5000300000000004e-01  -1.4999899999999999e-01  -1.5000200000000000e-01   1.5000300000000000e-01   6.9999999999999996e-01
  -1.9499990000000000e+00  -1.4999999999999999e-01   9.5000300000000004e-01  -1.4999899999999999e-01  -6.0000000000000002e-06  -1.4999699999999999e-01   6.9999299999999998e-01
  -1.9499990000000000e+00  -1.4999499999999999e-01   9.5000300000000004e-01  -1.4999899999999999e-01  -6.0000000000000002e-06   6.9999999999999999e-06   6.9999999999999996e-01
  -1.9499990000000000e+00  -1.4999999999999999e-01   9.5000300000000004e-01  -1.4999899999999999e-01  -6.0000000000000002e-06   1.5000300000000000e-01   6.9999299999999998e-01
  -1.9499990000000000e+00  -1.4999499999999999e-01   9.5000300000000004e-01  -1.4999899999999999e-01   1.4999799999999999e-01  -1.4999699999999999e-01   6.9999999999999996e-01
  -1.9499990000000000e+00  -1.4999499999999999e-01   9.5000300000000004e-01  -1.4999899999999999e-01   1.4999799999999999e-01   6.9999999999999999e-06   6.9999299999999998e-01
  -1.9499990000000000e+00  -1.4999499999999999e-01   9.5000300000000004e-01  -1.4999899999999999e-01   1.4999799999999999e-01   1.5000300000000000e-01   6.9999299999999998e-01
  -1.9499990000000000e+00  -1.4999999999999999e-01   9.5000300000000004e-01   9.9999999999999995e-07  -1.5000200000000000e-01  -1.4999699999999999e-01   6.9999999999999996e-01
  -1.9499990000000000e+00  -1.4999499999999999e-01   9.5000300000000004e-01   9.9999999999999995e-07  -1.5000200000000000e-01   6.9999999999999999e-06   6.9999299999999998e-01
  -1.9499990000000000e+00  -1.4999999999999999e-01   9.5000300000000004e-01   9.9999999999999995e-07  -1.5000200000000000e-01   1.5000300000000000e-01   6.9999999999999996e-01
  -1.9499990000000000e+00  -1.4999499999999999e-01   9.5000300000000004e-01   9.9999999999999995e-07  -6.0000000000000002e-06  -1.4999699999999999e-01   6.9999299999999998e-01
  -1.9499990000000000e+00  -1.4999999999999999e-01   9.5000300000000004e-01   9.9999999999999995e-07  -6.0000000000000002e-06   6.9999999999999999e-06   6.9999999999999996e-01
  -1.9499990000000000e+00  -1.4999499999999999e-01   9.5000300000000004e-01   9.9999999999999995e-07  -6.0000000000000002e-06   1.5000300000000000e-01   6.9999299999999998e-01
  -1.9499990000000000e+00  -1.4999999999999999e-01   9.5000300000000004e-01   9.9999999999999995e-07   1.4999799999999999e-01  -1.4999699999999999e-01   6.9999999999999996e-01
  -1.9499990000000000e+00  -1.4999499999999999e-01   9.5000300000000004e-01   9.9999999999999995e-07   1.4999799999999999e-01   6.9999999999999999e-06   6.9999299999999998e-01
  -1.9499990000000000e+00  -1.4999999999999999e-01   9.5000300000000004e-01   9.9999999999999995e-07   1.4999799999999999e-01   1.5000300000000000e-01   6.9999999999999996e-01
  -1.9499990000000000e+00  -1.4999499999999999e-01   9.5000300000000004e-01   1.5000200000000000e-01  -1.5000200000000000e-01  -1.4999699999999999e-01   6.9999299999999998e-01
  -1.9499990000000000e+00  -1.4999999999999999e-01   9.5000300000000004e-01   1.5000200000000000e-01  -1.5000200000000000e-01   6.9999999999999999e-06   6.9999999999999996e-01
  -1.9499990000000000e+00  -1.4999499999999999e-01   9.5000300000000004e-01   1.5000200000000000e-01  -1.5000200000000000e-01   1.5000300000000000e-01   6.9999299999999998e-01
  -1.9499990000000000e+00  -1.4999999999999999e-01   9.5000300000000004e-01   1.5000200000000000e-01  -6.0000000000000002e-06  -1.4999699999999999e-01   6.9999999999999996e-01
  -1.9499990000000000e+00  -1.4999499999999999e-01   9.5000300000000004e-01   1.5000200000000000e-01  -6.0000000000000002e-06   6.9999999999999999e-06   6.9999299999999998e-01
  -1.9499990000000000e+00  -1.4999999999999999e-01   9.5000300000000004e-01   1.5000200000000000e-01  -6.0000000000000002e-06   1.5000300000000000e-01   6.9999999999999996e-01
  -1.9499990000000000e+00  -1.4999499999999999e-01   9.5000300000000004e-01   1.5000200000000000e-01   1.4999799999999999e-01  -1.4999699999999999e-01   6.9999999999999996e-01
  -1.9499990000000000e+00  -1.4999999999999999e-01   9.5000300000000004e-01   1.5000200000000000e-01   1.4999799999999999e-01   6.9999999999999999e-06   6.9999299999999998e-01
  -1.9499990000000000e+00  -1.4999499999999999e-01   9.5000300000000004e-01   1.5000200000000000e-01   1.4999799999999999e-01   1.5000300000000000e-01   6.9999999999999996e-01
  -1.9499990000000000e+00  -1.4999999999999999e-01   1.0999980000000000e+00  -1.4999899999999999e-01  -1.5000200000000000e-01  -1.4999699999999999e-01   6.9999299999999998e-01
  -1.9499990000000000e+00  -1.4999499999999999e-01   1.1000030000000001e+00  -1.4999899999999999e-01  -1.5000200000000000e-01   6.9999999999999999e-06   6.9999999999999996e-01
  -1.9499990000000000e+00  -1.4999499999999999e-01   1.1000030000000001e+00  -1.4999899999999999e-01  -1.5000200000000000e-01   1.5000300000000000e-01   6.9999299999999998e-01
  -1.9499990000000000e+00  -1.4999999999999999e-01   1.1000030000000001e+00  -1.4999899999999999e-01  -6.0000000000000002e-06  -1.4999699999999999e-01   6.9999999999999996e-01
  -1.9499990000000000e+00  -1.4999499999999999e-01   1.1000030000000001e+00  -1.4999899999999999e-01  -6.0000000000000002e-06   6.9999999999999999e-06   6.9999299999999998e-01
  -1.9499990000000000e+00  -1.4999999999999999e-01   1.1000030000000001e+00  -1.4999899999999999e-01  -6.0000000000000002e-06   1.5000300000000000e-01   6.9999999999999996e-01
  -1.9499990000000000e+00  -1.4999499999999999e-01   1.1000030000000001e+00  -1.4999899999999999e-01   1.4999799999999999e-01  -1.4999699999999999e-01   6.9999299999999998e-01
  -1.9499990000000000e+00  -1.4999999999999999e-01   1.1000030000000001e+00  -1.4999899999999999e-01   1.4999799999999999e-01   6.9999999999999999e-06   6.9999999999999996e-01
  -1.9499990000000000e+00  -1.4999499999999999e-01   1.1000030000000001e+00  -1.4999399999999999e-01   1.4999799999999999e-01   1.5000300000000000e-01   6.9999299999999998e-01
  -1.9499990000000000e+00  -1.4999999999999999e-01   1.1000030000000001e+00   9.9999999999999995e-07  -1.4999499999999999e-01  -1.4999699999999999e-01   6.9999999999999996e-01
  -1.9499990000000000e+00  -1.4999499999999999e-01   1.1000030000000001e+00   9.9999999999999995e-07  -1.5000200000000000e-01   6.9999999999999999e-06   6.9999299999999998e-01
  -1.9499990000000000e+00  -1.4999999999999999e-01   1.1000030000000001e+00   9.9999999999999995e-07  -1.5000200000000000e-01   1.5000300000000000e-01   6.9999999999999996e-01
  -1.9499990000000000e+00  -1.4999499999999999e-01   1.1000030000000001e+00   9.9999999999999995e-07  -6.0000000000000002e-06  -1.4999699999999999e-01   6.9999299999999998e-01
  -1.9499990000000000e+00  -1.4999999999999999e-01   1.1000030000000001e+00   9.9999999999999995e-07  -6.0000000000000002e-06   6.9999999999999999e-06   6.9999999999999996e-01
  -1.9499990000000000e+00  -1.4999499999999999e-01   1.1000030000000001e+00   9.9999999999999995e-07  -6.0000000000000002e-06   1.5000300000000000e-01   6.9999299999999998e-01
  -1.9499990000000000e+00  -1.4999999999999999e-01   1.1000030000000001e+00   9.9999999999999995e-07   1.4999799999999999e-01  -1.4999699999999999e-01   6.9999999999999996e-01
  -1.9499990000000000e+00  -1.4999499999999999e-01   1.1000030000000001e+00   9.9999999999999995e-07   1.4999799999999999e-01   6.9999999999999999e-06   6.9999299999999998e-01
  -1.9499990000000000e+00  -1.4999999999999999e-01   1.1000030000000001e+00   9.9999999999999995e-07   1.4999799999999999e-01   1.5000300000000000e-01   6.9999999999999996e-01
  -1.9499940000000000e+00  -1.4999499999999999e-01   1.1000030000000001e+00   1.5000200000000000e-01  -1.5000200000000000e-01  -1.4999699999999999e-01   6.9999999999999996e-01
  -1.9499990000000000e+00  -1.4999999999999999e-01   1.1000030000000001e+00   1.5000200000000000e-01  -1.5000200000000000e-01   6.9999999999999999e-06   6.9999999999999996e-01
  -1.9499990000000000e+00  -1.4999499999999999e-01   1.1000030000000001e+00   1.5000200000000000e-01  -1.5000200000000000e-01   1.5001000000000000e-01   6.9999299999999998e-01
  -1.9499990000000000e+00  -1.4999999999999999e-01   1.1000030000000001e+00   1.5000200000000000e-01  -6.0000000000000002e-06  -1.4999699999999999e-01   6.9999999999999996e-01
  -1.9499990000000000e+00  -1.4999499999999999e-01   1.1000030000000001e+00   1.5000200000000000e-01  -6.0000000000000002e-06   6.9999999999999999e-06   6.9999299999999998e-01
  -1.9499990000000000e+00  -1.4999999999999999e-01   1.0999980000000000e+00   1.5000200000000000e-01  -6.0000000000000002e-06   1.5000300000000000e-01   6.9999999999999996e-01
  -1.9499990000000000e+00  -1.4999499999999999e-01   1.1000030000000001e+00   1.5000200000000000e-01   1.4999799999999999e-01  -1.4999699999999999e-01   6.9999299999999998e-01
  -1.9499990000000000e+00  -1.4999999999999999e-01   1.1000030000000001e+00   1.5000200000000000e-01   1.4999799999999999e-01   6.9999999999999999e-06   6.9999999999999996e-01
  -1.9499990000000000e+00  -1.4999499999999999e-01   1.1000030000000001e+00   1.5000200000000000e-01   1.4999799999999999e-01   1.5000300000000000e-01   6.9999299999999998e-01
  -1.9499990000000000e+00  -1.4999999999999999e-01   1.2500039999999999e+00  -1.4999899999999999e-01  -1.5000200000000000e-01  -1.4999699999999999e-01   6.9999999999999996e-01
  -1.9499990000000000e+00  -1.4999499999999999e-01   1.2500039999999999e+00  -1.4999899999999999e-01  -1.5000200000000000e-01   6.9999999999999999e-06   6.9999299999999998e-01
  -1.9499990000000000e+00  -1.4999999999999999e-01   1.2500039999999999e+00  -1.4999899999999999e-01  -1.5000200000000000e-01   1.5000300000000000e-01   6.9999999999999996e-01
  -1.9499990000000000e+00  -1.4999499999999999e-01   1.2500039999999999e+00  -1.4999899999999999e-01  -6.0000000000000002e-06  -1.4999699999999999e-01   6.9999299999999998e-01
  -1.9499990000000000e+00  -1.4999999999999999e-01   1.2500039999999999e+00  -1.4999899999999999e-01  -6.0000000000000002e-06   6.9999999999999999e-06   6.9999999999999996e-01
  -1.9499990000000000e+00  -1.4999499999999999e-01   1.2500039999999999e+00  -1.4999899999999999e-01  -6.0000000000000002e-06   1.5000300000000000e-01   6.9999999999999996e-01
  -1.9499990000000000e+00  -1.4999999999999999e-01   1.2500039999999999e+00  -1.4999899999999999e-01   1.4999799999999999e-01  -1.4999699999999999e-01   6.9999299999999998e-01
  -1.9499990000000000e+00  -1.4999499999999999e-01   1.2500039999999999e+00  -1.4999899999999999e-01   1.5000500000000000e-01   6.9999999999999999e-06   6.9999999999999996e-01
  -1.9499990000000000e+00  -1.4999999999999999e-01   1.2500039999999999e+00  -1.4999899999999999e-01   1.4999799999999999e-01   1.5000300000000000e-01   6.9999299999999998e-01
  -1.9499990000000000e+00  -1.4999499999999999e-01   1.2500039999999999e+00   9.9999999999999995e-07  -1.5000200000000000e-01  -1.4999699999999999e-01   6.9999999999999996e-01
  -1.9499990000000000e+00  -1.4999999999999999e-01   1.2500039999999999e+00   9.9999999999999995e-07  -1.5000200000000000e-01   6.9999999999999999e-06   6.9999299999999998e-01
  -1.9499990000000000e+00  -1.4999499999999999e-01   1.2500039999999999e+00   9.9999999999999995e-07  -1.5000200000000000e-01   1.5000300000000000e-01   6.9999999999999996e-01
  -1.9499990000000000e+00  -1.4999999999999999e-01   1.2500039999999999e+00   9.9999999999999995e-07  -6.0000000000000002e-06  -1.4999699999999999e-01   6.9999299999999998e-01
  -1.9499990000000000e+00  -1.4999499999999999e-01   1.2500039999999999e+00   9.9999999999999995e-07  -6.0000000000000002e-06   6.9999999999999999e-06   6.9999999999999996e-01
  -1.9499990000000000e+00  -1.4999999999999999e-01   1.2500039999999999e+00   9.9999999999999995e-07  -6.0000000000000002e-06   1.5000300000000000e-01   6.9999299999999998e-01
  -1.9499990000000000e+00  -1.4999499999999999e-01   1.2500039999999999e+00   9.9999999999999995e-07   1.4999799999999999e-01  -1.4999699999999999e-01   6.9999999999999996e-01
  -1.9499990000000000e+00  -1.4999999999999999e-01   1.2500039999999999e+00   9.9999999999999995e-07   1.4999799999999999e-01   6.9999999999999999e-06   6.9999299999999998e-01
  -1.9499990000000000e+00  -1.4999499999999999e-01   1.2500039999999999e+00   9.9999999999999995e-07   1.4999799999999999e-01   1.5000300000000000e-01   6.9999299999999998e-01
  -1.9499990000000000e+00  -1.4999999999999999e-01   1.2500039999999999e+00   1.5000200000000000e-01  -1.5000200000000000e-01  -1.4999699999999999e-01   6.9999999999999996e-01
  -1.9499990000000000e+00  -1.4999499999999999e-01   1.2500039999999999e+00   1.5000200000000000e-01  -1.5000200000000000e-01   6.9999999999999999e-06   6.9999299999999998e-01
  -1.9499990000000000e+00  -1.4999999999999999e-01   1.2500039999999999e+00   1.5000200000000000e-01  -1.5000200000000000e-01   1.5000300000000000e-01   6.9999999999999996e-01
  -1.9499990000000000e+00  -1.4999499999999999e-01   1.2500039999999999e+00   1.5000200000000000e-01  -6.0000000000000002e-06  -1.4999699999999999e-01   6.9999299999999998e-01
  -1.9499990000000000e+00  -1.4999999999999999e-01   1.2500039999999999e+00   1.5000200000000000e-01  -6.0000000000000002e-06   6.9999999999999999e-06   6.9999999999999996e-01
  -1.9499990000000000e+00  -1.4999499999999999e-01   1.2500039999999999e+00   1.5000200000000000e-01  -6.0000000000000002e-06   1.5000300000000000e-01   6.9999299999999998e-01
  -1.9499990000000000e+00  -1.4999999999999999e-01   1.2500039999999999e+00   1.5000200000000000e-01   1.4999799999999999e-01  -1.4999699999999999e-01   6.9999999999999996e-01
  -1.9499990000000000e+00  -1.4999499999999999e-01   1.2500039999999999e+00   1.5000200000000000e-01   1.4999799999999999e-01   6.9999999999999999e-06   6.9999299999999998e-01
  -1.9499990000000000e+00  -1.4999999999999999e-01   1.2500039999999999e+00   1.5000200000000000e-01   1.4999799999999999e-01   1.5000300000000000e-01   6.9999999999999996e-01
  -1.9499990000000000e+00   1.4999999999999999e-01   9.5000300000000004e-01  -1.4999899999999999e-01  -1.5000200000000000e-01  -1.4999699999999999e-01   6.9999299999999998e-01
  -1.9499990000000000e+00   1.4999999999999999e-01   9.5000300000000004e-01  -1.4999899999999999e-01  -1.5000200000000000e-01   6.9999999999999999e-06   6.9999999999999996e-01
  -1.9499990000000000e+00   1.4999999999999999e-01   9.5000300000000004e-01  -1.4999899999999999e-01  -1.5000200000000000e-01   1.5000300000000000e-01   6.9999299999999998e-01
  -1.9499990000000000e+00   1.4999999999999999e-01   9.5000300000000004e-01  -1.4999899999999999e-01  -6.0000000000000002e-06  -1.4999699999999999e-01   6.9999999999999996e-01
  -1.9499990000000000e+00   1.4999999999999999e-01   9.5000300000000004e-01  -1.4999899999999999e-01  -6.0000000000000002e-06   6.9999999999999999e-06   6.9999299999999998e-01
  -1.9499990000000000e+00   1.4999999999999999e-01   9.5000300000000004e-01  -1.4999899999999999e-01  -6.0000000000000002e-06   1.5000300000000000e-01   6.9999999999999996e-01
  -1.9499990000000000e+00   1.4999999999999999e-01   9.5000300000000004e-01  -1.4999899999999999e-01   1.4999799999999999e-01  -1.4999699999999999e-01   6.9999299999999998e-01
  -1.9499990000000000e+00   1.4999999999999999e-01   9.5000799999999996e-01  -1.4999899999999999e-01   1.4999799999999999e-01   6.9999999999999999e-06   6.9999299999999998e-01
  -1.9499990000000000e+00   1.4999999999999999e-01   9.5000300000000004e-01  -1.4999899999999999e-01   1.4999799999999999e-01   1.5000300000000000e-01   6.9999299999999998e-01
  -1.9499990000000000e+00   1.4999999999999999e-01   9.5000300000000004e-01   9.9999999999999995e-07  -1.5000200000000000e-01  -1.4999699999999999e-01   6.9999999999999996e-01
  -1.9499990000000000e+00   1.4999999999999999e-01   9.5000300000000004e-01   9.9999999999999995e-07  -1.5000200000000000e-01   6.9999999999999999e-06   6.9999299999999998e-01
  -1.9499990000000000e+00   1.4999999999999999e-01   9.5000300000000004e-01   9.9999999999999995e-07  -1.5000200000000000e-01   1.5000300000000000e-01   6.9998600000000000e-01
  -1.9499990000000000e+00   1.4999999999999999e-01   9.5000300000000004e-01   9.9999999999999995e-07  -6.0000000000000002e-06  -1.4999699999999999e-01   6.9999999999999996e-01
  -1.9499990000000000e+00   1.4999999999999999e-01   9.5000300000000004e-01   9.9999999999999995e-07  -6.0000000000000002e-06   6.9999999999999999e-06   6.9999299999999998e-01
  -1.9499990000000000e+00   1.4999999999999999e-01   9.5000300000000004e-01   9.9999999999999995e-07  -6.0000000000000002e-06   1.5000300000000000e-01   6.9999999999999996e-01
  -1.9499990000000000e+00   1.4999999999999999e-01   9.5000300000000004e-01   9.9999999999999995e-07   1.4999799999999999e-01  -1.4999000000000001e-01   6.9999299999999998e-01
  -1.9499990000000000e+00   1.4999999999999999e-01   9.5000300000000004e-01   9.9999999999999995e-07   1.4999799999999999e-01   6.9999999999999999e-06   6.9999999999999996e-01
  -1.9499990000000000e+00   1.4999999999999999e-01   9.5000300000000004e-01   9.9999999999999995e-07   1.4999799999999999e-01   1.5000300000000000e-01   6.9999299999999998e-01
  -1.9499990000000000e+00   1.4999999999999999e-01   9.5000300000000004e-01   1.5000200000000000e-01  -1.5000200000000000e-01  -1.4999699999999999e-01   6.9999999999999996e-01
  -1.9499990000000000e+00   1.4999999999999999e-01   9.5000300000000004e-01   1.5000200000000000e-01  -1.5000200000000000e-01   6.9999999999999999e-06   6.9999299999999998e-01
  -1.9499990000000000e+00   1.4999999999999999e-01   9.5000300000000004e-01   1.5000200000000000e-01  -1.5000200000000000e-01   1.5000300000000000e-01   6.9999999999999996e-01
  -1.9499990000000000e+00   1.4999999999999999e-01   9.5000300000000004e-01   1.5000200000000000e-01  -6.0000000000000002e-06  -1.4999699999999999e-01   6.9999299999999998e-01
  -1.9499990000000000e+00   1.4999999999999999e-01   9.5000300000000004e-01   1.5000200000000000e-01  -6.0000000000000002e-06   6.9999999999999999e-06   6.9999999999999996e-01
  -1.9499990000000000e+00   1.4999999999999999e-01   9.5000300000000004e-01   1.5000200000000000e-01  -6.0000000000000002e-06   1.5001000000000000e-01   6.9999299999999998e-01
  -1.9499990000000000e+00   1.4999999999999999e-01   9.5000300000000004e-01   1.5000200000000000e-01   1.4999799999999999e-01  -1.4999699999999999e-01   6.9999299999999998e-01
  -1.9499990000000000e+00   1.4999999999999999e-01   9.5000300000000004e-01   1.5000200000000000e-01   1.4999799999999999e-01   6.9999999999999999e-06   6.9999999999999996e-01
  -1.9500050000000000e+00   1.4999999999999999e-01   9.5000300000000004e-01   1.5000200000000000e-01   1.4999799999999999e-01   1.5000300000000000e-01   6.9999299999999998e-01
  -1.9499990000000000e+00   1.4999999999999999e-01   1.1000030000000001e+00  -1.4999899999999999e-01  -1.5000200000000000e-01  -1.4999699999999999e-01   6.9999999999999996e-01
  -1.9499990000000000e+00   1.4999999999999999e-01   1.1000030000000001e+00  -1.4999899999999999e-01  -1.5000200000000000e-01   6.9999999999999999e-06   6.9999299999999998e-01
  -1.9499990000000000e+00   1.4999999999999999e-01   1.1000030000000001e+00  -1.4999899999999999e-01  -1.5000200000000000e-01   1.5000300000000000e-01   6.9999999999999996e-01
  -1.9499990000000000e+00   1.4999999999999999e-01   1.1000030000000001e+00  -1.4999899999999999e-01  -6.0000000000000002e-06  -1.4999699999999999e-01   6.9999299999999998e-01
  -1.9499990000000000e+00   1.4999999999999999e-01   1.1000030000000001e+00  -1.4999899999999999e-01  -6.0000000000000002e-06   6.9999999999999999e-06   6.9999999999999996e-01
  -1.9499990000000000e+00   1.4999999999999999e-01   1.1000030000000001e+00  -1.4999899999999999e-01  -6.0000000000000002e-06   1.5000300000000000e-01   6.9999299999999998e-01
  -1.9499990000000000e+00   1.4999999999999999e-01   1.1000030000000001e+00  -1.4999899999999999e-01   1.4999799999999999e-01  -1.4999699999999999e-01   6.9999999999999996e-01
  -1.9499990000000000e+00   1.4999999999999999e-01   1.1000030000000001e+00  -1.4999899999999999e-01   1.4999799999999999e-01   6.9999999999999999e-06   6.9999299999999998e-01
  -1.9499990000000000e+00   1.4999999999999999e-01   1.1000030000000001e+00  -1.4999899999999999e-01   1.4999799999999999e-01   1.5000300000000000e-01   6.9999999999999996e-01
  -1.9499990000000000e+00   1.4999999999999999e-01   1.1000030000000001e+00   9.9999999999999995e-07  -1.5000200000000000e-01  -1.4999699999999999e-01   6.9999299999999998e-01
  -1.9499990000000000e+00   1.4999999999999999e-01   1.1000030000000001e+00   9.9999999999999995e-07  -1.5000200000000000e-01   6.9999999999999999e-06   6.9999999999999996e-01
  -1.9499990000000000e+00   1.4999999999999999e-01   1.1000030000000001e+00   9.9999999999999995e-07  -1.5000200000000000e-01   1.5000300000000000e-01   6.9999299999999998e-01
  -1.9499990000000000e+00   1.4999999999999999e-01   1.1000030000000001e+00   9.9999999999999995e-07  -6.0000000000000002e-06  -1.4999699999999999e-01   6.9999999999999996e-01
  -1.9499990000000000e+00   1.4999999999999999e-01   1.1000030000000001e+00   9.9999999999999995e-07  -6.0000000000000002e-06   6.9999999999999999e-06   6.9999299999999998e-01
  -1.9499990000000000e+00   1.4999999999999999e-01   1.1000030000000001e+00   9.9999999999999995e-07  -6.0000000000000002e-06   1.5000300000000000e-01   6.9999999999999996e-01
  -1.9499990000000000e+00   1.4999999999999999e-01   1.1000030000000001e+00   9.9999999999999995e-07   1.4999799999999999e-01  -1.4999699999999999e-01   6.9999299999999998e-01
  -1.9499990000000000e+00   1.4999999999999999e-01   1.1000030000000001e+00   9.9999999999999995e-07   1.4999799999999999e-01   6.9999999999999999e-06   6.9999999999999996e-01
  -1.9499990000000000e+00   1.4999999999999999e-01   1.1000030000000001e+00   9.9999999999999995e-07   1.4999799999999999e-01   1.5000300000000000e-01   6.9999299999999998e-01
  -1.9499990000000000e+00   1.4999999999999999e-01   1.1000030000000001e+00   1.5000200000000000e-01  -1.5000200000000000e-01  -1.4999699999999999e-01   6.9999999999999996e-01
  -1.9499990000000000e+00   1.4999999999999999e-01   1.1000030000000001e+00   1.5000200000000000e-01  -1.5000200000000000e-01   6.9999999999999999e-06   6.9999299999999998e-01
  -1.9499990000000000e+00   1.4999999999999999e-01   1.1000030000000001e+00   1.5000200000000000e-01  -1.5000200000000000e-01   1.5000300000000000e-01   6.9999999999999996e-01
  -1.9499990000000000e+00   1.4999999999999999e-01   1.1000030000000001e+00   1.5000200000000000e-01  -6.0000000000000002e-06  -1.4999699999999999e-01   6.9999299999999998e-01
  -1.9499990000000000e+00   1.4999999999999999e-01   1.1000030000000001e+00   1.5000200000000000e-01  -6.0000000000000002e-06   6.9999999999999999e-06   6.9999999999999996e-01
  -1.9499990000000000e+00   1.4999999999999999e-01   1.1000030000000001e+00   1.5000200000000000e-01  -6.0000000000000002e-06   1.5000300000000000e-01   6.9999299999999998e-01
  -1.9499990000000000e+00   1.4999999999999999e-01   1.1000030000000001e+00   1.5000200000000000e-01   1.4999799999999999e-01  -1.4999699999999999e-01   6.9999999999999996e-01
  -1.9499990000000000e+00   1.4999999999999999e-01   1.1000030000000001e+00   1.5000200000000000e-01   1.4999799999999999e-01   6.9999999999999999e-06   6.9999299999999998e-01
  -1.9499990000000000e+00   1.4999999999999999e-01   1.1000030000000001e+00   1.5000200000000000e-01   1.4999799999999999e-01   1.5000300000000000e-01   7.0000799999999996e-01
  -1.9499990000000000e+00   1.4999999999999999e-01   1.2500039999999999e+00  -1.4999899999999999e-01  -1.5000200000000000e-01  -1.4999699999999999e-01   6.9999299999999998e-01
  -1.9499990000000000e+00   1.4999999999999999e-01   1.2500039999999999e+00  -1.4999899999999999e-01  -1.5000200000000000e-01   6.9999999999999999e-06   6.9999999999999996e-01
  -1.9499990000000000e+00   1.4999999999999999e-01   1.2500039999999999e+00  -1.4999899999999999e-01  -1.5000200000000000e-01   1.5000300000000000e-01   6.9999299999999998e-01
  -1.9499990000000000e+00   1.4999999999999999e-01   1.2500039999999999e+00  -1.4999899999999999e-01  -6.0000000000000002e-06  -1.4999699999999999e-01   6.9999999999999996e-01
  -1.9499990000000000e+00   1.4999999999999999e-01   1.2500089999999999e+00  -1.4999899999999999e-01  -6.0000000000000002e-06   6.9999999999999999e-06   6.9999299999999998e-01
  -1.9499990000000000e+00   1.4999999999999999e-01   1.2500039999999999e+00  -1.4999899999999999e-01  -6.0000000000000002e-06   1.5000300000000000e-01   6.9999999999999996e-01
  -1.9499990000000000e+00   1.4999999999999999e-01   1.2500039999999999e+00  -1.4999899999999999e-01   1.4999799999999999e-01  -1.4999699999999999e-01   6.9999999999999996e-01
  -1.9499990000000000e+00   1.4999999999999999e-01   1.2500039999999999e+00  -1.4999899999999999e-01   1.4999799999999999e-01   6.9999999999999999e-06   6.9999299999999998e-01
  -1.9499990000000000e+00   1.4999999999999999e-01   1.2500039999999999e+00  -1.4999899999999999e-01   1.4999799999999999e-01   1.5000300000000000e-01   6.9999999999999996e-01
  -1.9499990000000000e+00   1.4999999999999999e-01   1.2500039999999999e+00   9.9999999999999995e-07  -1.5000200000000000e-01  -1.4999699999999999e-01   6.9999299999999998e-01
  -1.9499990000000000e+00   1.4999999999999999e-01   1.2500039999999999e+00   9.9999999999999995e-07  -1.5000200000000000e-01   6.9999999999999999e-06   6.9999999999999996e-01
  -1.9499990000000000e+00   1.4999999999999999e-01   1.2500039999999999e+00   9.9999999999999995e-07  -1.5000200000000000e-01   1.5000300000000000e-01   6.9999299999999998e-01
  -1.9499990000000000e+00   1.4999999999999999e-01   1.2500039999999999e+00   9.9999999999999995e-07  -6.0000000000000002e-06  -1.4999699999999999e-01   6.9999999999999996e-01
  -1.9499990000000000e+00   1.4999999999999999e-01   1.2500039999999999e+00   9.9999999999999995e-07  -6.0000000000000002e-06   6.9999999999999999e-06   6.9999299999999998e-01
  -1.9499990000000000e+00   1.4999999999999999e-01   1.2500039999999999e+00   9.9999999999999995e-07  -6.0000000000000002e-06   1.5000300000000000e-01   6.9999999999999996e-01
  -1.9499990000000000e+00   1.4999999999999999e-01   1.2500039999999999e+00   9.9999999999999995e-07   1.4999799999999999e-01  -1.4999699999999999e-01   6.9999299999999998e-01
  -1.9499990000000000e+00   1.4999999999999999e-01   1.2500039999999999e+00   9.9999999999999995e-07   1.4999799999999999e-01   6.9999999999999999e-06   6.9999999999999996e-01
  -1.9499990000000000e+00   1.4999999999999999e-01   1.2500039999999999e+00   9.9999999999999995e-07   1.4999799999999999e-01   1.5000300000000000e-01   6.9999299999999998e-01
  -1.9499990000000000e+00   1.4999999999999999e-01   1.2500039999999999e+00   1.5000200000000000e-01  -1.5000200000000000e-01  -1.4999699999999999e-01   6.9999999999999996e-01
  -1.9499990000000000e+00   1.4999999999999999e-01   1.2500039999999999e+00   1.5000200000000000e-01  -1.5000900000000000e-01   6.9999999999999999e-06   6.9999299999999998e-01
  -1.9499990000000000e+00   1.4999999999999999e-01   1.2500039999999999e+00   1.5000200000000000e-01  -1.5000200000000000e-01   1.5000300000000000e-01   6.9999999999999996e-01
  -1.9499990000000000e+00   1.4999999999999999e-01   1.2500039999999999e+00   1.5000200000000000e-01  -6.0000000000000002e-06  -1.4999699999999999e-01   6.9999299999999998e-01
  -1.9499990000000000e+00   1.4999999999999999e-01   1.2500039999999999e+00   1.5000200000000000e-01  -6.0000000000000002e-06   6.9999999999999999e-06   6.9999999999999996e-01
  -1.9499990000000000e+00   1.4999999999999999e-01   1.2500039999999999e+00   1.5000200000000000e-01  -6.0000000000000002e-06   1.5000300000000000e-01   6.9998600000000000e-01
  -1.9499990000000000e+00   1.4999999999999999e-01   1.2500039999999999e+00   1.5000200000000000e-01   1.4999799999999999e-01  -1.4999699999999999e-01   6.9999999999999996e-01
  -1.9499990000000000e+00   1.4999999999999999e-01   1.2500039999999999e+00   1.5000200000000000e-01   1.4999799999999999e-01   6.9999999999999999e-06   6.9999299999999998e-01
  -1.9499990000000000e+00   1.4999999999999999e-01   1.2500039999999999e+00   1.5000200000000000e-01   1.4999799999999999e-01   1.5000300000000000e-01   6.9999999999999996e-01
