   1.5638785531106630e-01   1.3400594892615261e-01  -9.7856284640466762e-01   9.0443640977380446e-01   3.7870943900945470e-01   1.9640249866184029e-01   3.9691008980205456e-01  -9.1576283308373274e-01  -6.1974302382355032e-02
   6.8985815880123022e-02   1.1271396974826937e-01  -9.9122980091951440e-01   9.5553725653491517e-01   2.7806621472186871e-01   9.8121004907104542e-02   2.8668712663996992e-01  -9.5392596214477687e-01  -8.8519772735135033e-02
  -2.1858485058784891e-02   9.9898766075683224e-02  -9.9475747957353455e-01   9.8503487018051783e-01   1.7230048081264038e-01  -4.3415250988057272e-03   1.7096347902223297e-01  -9.7996570391432014e-01  -1.0216999555801910e-01
   1.4172950241858276e-01   2.7693213648897880e-01  -9.5037957676069107e-01   9.0823744815848662e-01   3.4547779373136417e-01   2.3611402288104413e-01   3.9372260019808664e-01  -8.9663464455605268e-01  -2.0255574115561212e-01
   5.2997870925308208e-02   2.5823595457661536e-01  -9.6462708724215729e-01   9.5762137285467896e-01   2.6072407224658739e-01   1.2241022997722048e-01   2.8311222497325012e-01  -9.3023499714591529e-01  -2.3347444861405162e-01
  -3.6177853254406089e-02   2.4742790028067030e-01  -9.6823065283877552e-01   9.8524649955366861e-01   1.7100270530638034e-01   6.8854843796317356e-03   1.6727372193846116e-01  -9.5369675942649490e-01  -2.4996398342212525e-01
   1.2844951489874037e-01   4.1515509957121921e-01  -9.0063697760101380e-01   9.1225808767716121e-01   3.0672031230747315e-01   2.7149186265082476e-01   3.8895488631702069e-01  -8.5648636493409336e-01  -3.3933052189877705e-01
   3.9360909139757837e-02   3.9785225881161551e-01  -9.1660476705621974e-01   9.5994744606295856e-01   2.3960618939769032e-01   1.4522318960662473e-01   2.7740154943492162e-01  -8.8560852195584372e-01  -3.7248614230638349e-01
  -4.9934486186419935e-02   3.8795155552665350e-01  -9.2032610397279735e-01   9.8562243569629593e-01   1.6806759741370639e-01   1.7369425773068582e-02   1.6141549287909204e-01  -9.0622672288121919e-01  -3.9076612621178614e-01
   1.8990244512989018e-01   1.1181312327520737e-01  -9.7541523814072728e-01   9.4715441046910687e-01   2.4074031397069270e-01   2.1199675459358244e-01   2.5852578993711306e-01  -9.6412754690068680e-01  -6.0187118594066294e-02
   1.0012865187720829e-01   1.0207370844847190e-01  -9.8972481585379535e-01   9.8450274826606188e-01   1.3377398334691595e-01   1.1339691369728210e-01   1.4397427454174827e-01  -9.8574108133072880e-01  -8.7097237884458431e-02
   1.0199413292857071e-02   1.0510177701639671e-01  -9.9440916550305236e-01   9.9960360687268723e-01   2.5025551432902773e-02   1.2897709199462344e-02   2.6241209872950654e-02  -9.9414653761076621e-01  -1.0480486945237320e-01
   1.9682638261694518e-01   2.5464311468441941e-01  -9.4679261681201632e-01   9.4516713741975855e-01   2.0740811865689765e-01   2.5227158907999309e-01   2.6061169860093869e-01  -9.4453097167801936e-01  -1.9985691404930070e-01
   1.0582709402700526e-01   2.4841064188971088e-01  -9.6285657247886158e-01   9.8355263705308082e-01   1.1638270016015627e-01   1.3812775698375113e-01   1.4637225254716282e-01  -9.6163778009153378e-01  -2.3200849894970793e-01
   1.5273499758929665e-02   2.5185523306310936e-01  -9.6764438808058006e-01   9.9947188943068932e-01   2.3914965587107394e-02   2.2000378606175680e-02   2.8682092722839728e-02  -9.6746938762923840e-01  -2.5135696043146299e-01
   2.0243070836422117e-01   3.9378357801133446e-01  -8.9663610344428490e-01   9.4302190059332680e-01   1.6850531477221389e-01   2.8690704748205015e-01   2.6406723256116010e-01  -9.0362627926710293e-01  -3.3723588792621384e-01
   1.1192154653743459e-01   3.8993695625830715e-01  -9.1401462655948562e-01   9.8234706234111902e-01   9.5326271574035101e-02   1.6095698511579687e-01   1.4989268337861714e-01  -9.1589413803768882e-01  -3.7238435973837219e-01
   1.9863735691890649e-02   3.9354613955917833e-01  -9.1909023933585055e-01   9.9929503921998042e-01   2.1475974873858168e-02   3.0792971496042439e-02   3.1856813944608195e-02  -9.1905398021078466e-01  -3.9284211187704082e-01
   2.1786656975959431e-01   8.3739283494696934e-02  -9.7237949905424437e-01   9.6929996655660722e-01   9.7790889349104931e-02   2.2559813118390681e-01   1.1398128186043498e-01  -9.9167770689882229e-01  -5.9863119074654421e-02
   1.2876202889856633e-01   8.8477538880448500e-02  -9.8772064118736713e-01   9.9167371282485672e-01  -1.3390433731395699e-02   1.2807788090317893e-01  -1.8939921036146262e-03  -9.9598816328214657e-01  -8.9465028898266075e-02
   3.9894247770870112e-02   1.0396911785742460e-01  -9.9378009213645702e-01   9.9203390006893699e-01  -1.2305457289867443e-01   2.6950198565839693e-02  -1.1948719642208441e-01  -9.8693869851205740e-01  -1.0805005909538634e-01
   2.4652025586037837e-01   2.2666310791600505e-01  -9.4225877494475552e-01   9.6144408982897234e-01   6.5067536627067046e-02   2.6719183709504524e-01   1.2187298955664298e-01  -9.7179733030459781e-01  -2.0188343971060049e-01
   1.5586378352473707e-01   2.3314230423440699e-01  -9.5987038029185257e-01   9.8775615949977991e-01  -3.0243082380410926e-02   1.5304615427503077e-01   6.6520940762124295e-03  -9.7197223311388992e-01  -2.3500154829276834e-01
   6.7676426242960289e-02   2.4915153835580209e-01  -9.6609699940840243e-01   9.9157631154644821e-01  -1.2398029518773843e-01   3.7487395016220892e-02  -1.1043694902939882e-01  -9.6049591219333097e-01  -2.5544330672182308e-01
   2.7243052988680899e-01   3.6094525409406031e-01  -8.9190813985105388e-01   9.5292528989462855e-01   2.7012192739465046e-02   3.0199955848087673e-01   1.3309770195172863e-01  -9.3219572246947235e-01  -3.3659491491225574e-01
   1.8370391267239133e-01   3.7052846938173650e-01  -9.1047324279546105e-01   9.8279338692537699e-01  -5.1106994027464936e-02   1.7749713737754519e-01   1.9236192050427550e-02  -9.2741400061628587e-01  -3.7354148414372224e-01
   9.3970530811060285e-02   3.8773927944461856e-01  -9.1696662453704159e-01   9.9079725289436382e-01  -1.2654764156782050e-01   4.8026014519268967e-02  -9.7418391467269660e-02  -9.1304104266423358e-01  -3.9606276196398393e-01
   1.5216230141369613e-01  -1.4497400056198359e-02  -9.8824918892964364e-01   9.0667980618954180e-01   4.0005862477986642e-01   1.3373416088395823e-01   3.9341881383149718e-01  -9.1637488078343354e-01   7.4018340920108963e-02
   6.4012784214057553e-02  -3.7193053581172676e-02  -9.9725575467002059e-01   9.5689067017622753e-01   2.8597913398595826e-01   5.0756085884655244e-02   2.8330656326116732e-01  -9.5751376579658043e-01   5.3896006560754904e-02
  -2.5358219587180531e-02  -4.7968940587792976e-02  -9.9852688568623615e-01   9.8550640534525213e-01   1.6639331645713309e-01  -3.3021042713332165e-02   1.6773218451700814e-01  -9.8489199660535431e-01   4.3054259950336647e-02
   1.3897441536621616e-01   1.3242149300646078e-01  -9.8140239456787481e-01   9.1026157112931716e-01   3.7321602277873644e-01   1.7925867473126120e-01   3.9001279978842379e-01  -9.1824525510952770e-01  -6.8670717704371401e-02
   5.0732178881762346e-02   1.1142654616517535e-01  -9.9247688680170731e-01   9.5890006601988531e-01   2.7235197629203584e-01   7.9593117773349792e-02   2.7917182775661475e-01  -9.5572408456600189e-01  -9.3029913294105329e-02
  -4.0750324305043856e-02   1.0059223871343538e-01  -9.9409285913321654e-01   9.8573822612656481e-01   1.6663046314575011e-01  -2.3546513641852968e-02   1.6327755700612023e-01  -9.8087485963422072e-01  -1.0594786036377071e-01
   1.2463967211821661e-01   2.7568352567312004e-01  -9.5313354038492470e-01   9.1472194742601542e-01   3.4022086234089566e-01   2.1802184231212821e-01   3.8438094519814658e-01  -8.9902633915834484e-01  -2.0976875474704021e-01
   3.6422442849888485e-02   2.5625181930738061e-01  -9.6592360503225316e-01   9.6136289969586242e-01   2.5493129635037132e-01   1.0388170786756663e-01   2.7286403344011861e-01  -9.3238674338644334e-01  -2.3706577148971422e-01
  -5.2401612939054390e-02   2.4754052674259816e-01  -9.6745943510897814e-01   9.8621304619098527e-01   1.6510296890928622e-01  -1.1173055984674505e-02   1.5696464087202222e-01  -9.5470660272009045e-01  -2.5277935880641200e-01
   1.8575414601299228e-01  -3.4854645238643608e-02  -9.8197787701366890e-01   9.4888822474342382e-01   2.6587881927666818e-01   1.7005760907209994e-01   2.5515982086186356e-01  -9.6337615040301539e-01   8.2461255462238328e-02
   9.5183417334103085e-02  -4.7053085546730759e-02  -9.9434708437503549e-01   9.8547857921004645e-01   1.4555068733429297e-01   8.7446940110347912e-02   1.4061325322582494e-01  -9.8823125054667560e-01   6.0223819707846557e-02
   5.2908458323584770e-03  -4.5473148140766764e-02  -9.9895155025083471e-01   9.9973007347322873e-01   2.2840160064724509e-02   4.2552651422083946e-03   2.2622713002443798e-02  -9.9870442068030596e-01   4.5581717497516633e-02
   1.9171595947720466e-01   1.1134088239479523e-01  -9.7511445419975384e-01   9.4726177594084893e-01   2.3896068884404265e-01   2.1352497987020108e-01   2.5678808134943476e-01  -9.6462479601901663e-01  -5.9656384253045792e-02
   1.0264089189069413e-01   1.0106223025725108e-01  -9.8957125712467642e-01   9.8448409943181270e-01   1.3201764660131429e-01   1.1559584314231811e-01   1.4232324222633377e-01  -9.8608202833297842e-01  -8.5943749748910822e-02
   1.2759406954775183e-02   1.0350782859755055e-01  -9.9454679475285779e-01   9.9961717020215424e-01   2.3099855105160147e-02   1.5228582703548420e-02   2.4550164382355112e-02  -9.9436036028853303e-01  -1.0317346226457000e-01
   1.9926131444484144e-01   2.5481627983486826e-01  -9.4623654130287793e-01   9.4497385485500562e-01   2.0569637707215024e-01   2.5438831360709807e-01   2.5945971210611091e-01  -9.4485854178840389e-01  -1.9980739176342868e-01
   1.0750892119091672e-01   2.4781960105753609e-01  -9.6282255748193257e-01   9.8356134989465538e-01   1.1481076375312055e-01   1.3937560589941159e-01   1.4508240023437835e-01  -9.6197917537653044e-01  -2.3140259999430207e-01
   1.8375245227139181e-02   2.5087522659011863e-01  -9.6784501395946587e-01   9.9945494367535137e-01   2.1943800550970487e-02   2.4663438127691683e-02   2.7425643579353620e-02  -9.6777068063706884e-01  -2.5033526274482859e-01
   2.1341195474176045e-01  -6.2899222656791376e-02  -9.7493539548139929e-01   9.7068260889796454e-01   1.2661676646567327e-01   2.0431218082341057e-01   1.1059208993568082e-01  -9.8995549507992964e-01   8.8076713180668162e-02
   1.2426553954489343e-01  -6.0337398795957439e-02  -9.9041277959654506e-01   9.9223494845335958e-01   2.2445103254490287e-03   1.2435742535594127e-01  -5.2804118566788108e-03  -9.9817551586879594e-01   6.0147791070722580e-02
   3.5340832384092927e-02  -4.6498146143385856e-02  -9.9829301709048746e-01   9.9177722817139047e-01  -1.2131160373531932e-01   4.0760575067560922e-02  -1.2299981807739747e-01  -9.9152479404419980e-01   4.1828549443340045e-02
   2.4142127734355434e-01   8.1307745014649740e-02  -9.6700817858301458e-01   9.6326935555189452e-01   1.0067173443566818e-01   2.4895250659583942e-01   1.1759215747848134e-01  -9.9159177713731905e-01  -5.4016960421789710e-02
   1.5287937252220438e-01   8.5049743854244783e-02  -9.8457830492426812e-01   9.8824190777719145e-01  -1.0722952780620338e-02   1.5252196561991160e-01   2.4143674355930791e-03  -9.9631900481421676e-01  -8.5689039415167020e-02
   6.4564842867907424e-02   9.8736483533826094e-02  -9.9301686183307936e-01   9.9128096580611214e-01  -1.2088378718659210e-01   5.2432402442845666e-02  -1.1486264795809029e-01  -9.8774400368455895e-01  -1.0568043948269035e-01
   2.6823219621710032e-01   2.2309974825644605e-01  -9.3716486876134109e-01   9.5474134377830433e-01   6.8230546892366559e-02   2.8950571488515742e-01   1.2853192363357999e-01  -9.7240479986406803e-01  -1.9470092400492736e-01
   1.7862393567838067e-01   2.2988570283598034e-01  -9.5668492892611867e-01   9.8381287740518952e-01  -2.7556213057088736e-02   1.7706743736123193e-01   1.4342658557158602e-02  -9.7282743523893223e-01  -2.3108671401002939e-01
   9.1006596895308656e-02   2.4529035605766325e-01  -9.6516860731513598e-01   9.9058508696649872e-01  -1.2182888257851554e-01   6.2441243175034099e-02  -1.0226917815797752e-01  -9.6176419386187117e-01  -2.5406820069445274e-01
   1.4578038533950799e-01  -1.6115833624800335e-01  -9.7610248944874689e-01   9.0864498278135075e-01   4.1204905752357696e-01   6.7674732804875806e-02   3.9129576347891115e-01  -8.9679627834403264e-01   2.0650438404970592e-01
   5.8075308692282876e-02  -1.8611799851883098e-01  -9.8080953765124046e-01   9.5804508153881940e-01   2.8660799447469931e-01   2.3407781758130082e-03   2.8067219359882029e-01  -9.3979569488827508e-01   1.9495428081961003e-01
  -3.2708933934277235e-02  -1.9763136348794430e-01  -9.7973055980038659e-01   9.8576403849308314e-01   1.5537342424670134e-01  -6.4252310866314499e-02   1.6492236371908486e-01  -9.6788477785516902e-01   1.8973579193594267e-01
   1.3386306626527733e-01  -1.5622552772576077e-02  -9.9087669027731495e-01   9.1242560736924005e-01   3.9213683306474589e-01   1.1708208731836327e-01   3.8673012619516950e-01  -9.1977423316747631e-01   6.6747056071777708e-02
   4.5522962962606779e-02  -3.8227795266230560e-02  -9.9823158410871160e-01   9.6015291639406186e-01   2.7750104840038264e-01   3.3159391982759655e-02   2.7574270068867263e-01  -9.5996448049173766e-01   4.9337199060601633e-02
  -4.4982095907529725e-02  -4.8645523443585852e-02  -9.9780269798024968e-01   9.8611721346350967e-01   1.5765193108396430e-01  -5.2141249855172038e-02   1.5984196056958380e-01  -9.8629583882037952e-01   4.0878673741636770e-02
   1.2012140958914184e-01   1.3024222965262650e-01  -9.8417874828378071e-01   9.1696894294364839e-01   3.6535226428659096e-01   1.6026752839383332e-01   3.8044553438715084e-01  -9.2171290790341709e-01  -7.5541450668502527e-02
   3.2658705051138194e-02   1.1099329888890266e-01  -9.9328439864227236e-01   9.6258791523964204e-01   2.6398008275188667e-01   6.1147537521198558e-02   2.6899426465815546e-01  -9.5812055792163564e-01  -9.8219560521070365e-02
  -5.7665646877007475e-02   1.0058660171708717e-01  -9.9325576198946119e-01   9.8661407348934149e-01   1.5775495976957929e-01  -4.1304269281368981e-02   1.5253636669013024e-01  -9.8234195076007369e-01  -1.0833719866171432e-01
   1.7820103621976974e-01  -1.8291347382597287e-01  -9.6684386111880305e-01   9.5100445591988936e-01   2.8430526658073491e-01   1.2149502135878722e-01   2.5265572526803165e-01  -9.4112335880445142e-01   2.2461502176371112e-01
   8.9026804326515080e-02  -1.9531701944600302e-01  -9.7669109242694419e-01   9.8642926938738895e-01   1.5310516914894973e-01   5.9296742538973837e-02   1.3795479189673024e-01  -9.6871568021509868e-01   2.0629688872624533e-01
  -8.3295056661682730e-04  -1.9388673291107200e-01  -9.8102356801170887e-01   9.9980427024323237e-01   1.9230268727215168e-02  -4.6495126709047620e-03   1.9766825661987068e-02  -9.8083542532157220e-01   1.9383276564476623e-01
   1.8728174945599568e-01  -3.6131337696931415e-02  -9.8164151947487055e-01   9.4906158747013147e-01   2.6443743834739619e-01   1.7133284678934638e-01   2.5339228383945794e-01  -9.6372577408539772e-01   8.3815170787431698e-02
   9.8031092587631111e-02  -4.7322020525321001e-02  -9.9405760962807177e-01   9.8544761605759545e-01   1.4399301475742327e-01   9.0327225726629948e-02   1.3886288522307277e-01  -9.8844657826028659e-01   6.0749164875363325e-02
   6.7385270370801126e-03  -4.6134068117169906e-02  -9.9891252870926128e-01   9.9975703431954566e-01   2.1276191287019731e-02   5.7615981207091334e-03   2.0987248079654252e-02  -9.9870865193172209e-01   4.6266229312151366e-02
   1.9478910643686020e-01   1.0961104130922887e-01  -9.7470129969988029e-01   9.4704130260433650e-01   2.3762145953781225e-01   2.1598336308290367e-01   2.5528410678107455e-01  -9.6515359481806107e-01  -5.7520111567716810e-02
   1.0487306359630152e-01   1.0179196921904866e-01  -9.8926236941189349e-01   9.8440739697438595e-01   1.3063381126396770e-01   1.1780018733755418e-01   1.4122222669976126e-01  -9.8619126053578354e-01  -8.6504799455307202e-02
   1.4642571533844278e-02   1.0321575562071232e-01  -9.9455120677143705e-01   9.9962286364064556e-01   2.1599265422131173e-02   1.6958838996209178e-02   2.3231994872400893e-02  -9.9442444636325666e-01  -1.0286056041738743e-01
   2.0834103461392980e-01  -2.0733096407866322e-01  -9.5582837613779281e-01   9.7204679740979383e-01   1.5206118306180719e-01   1.7889220287985733e-01   1.0825450079032202e-01  -9.6638049853049912e-01   2.3321598384026457e-01
   1.1877023482305379e-01  -2.0804242507027659e-01  -9.7088206322444470e-01   9.9288853270711430e-01   1.6884648525592551e-02   1.1784426274910847e-01  -8.1236038055959997e-03  -9.7797405794583614e-01   2.0856833183914608e-01
   2.9726274273849735e-02  -1.9549299701324091e-01  -9.8025447549938616e-01   9.9159202017219439e-01  -1.1779776654902789e-01   5.3562596341921301e-02  -1.2594290035020939e-01  -9.7360473207295073e-01   1.9034760712059318e-01
   2.3702186960458557e-01  -6.4514938888654436e-02  -9.6935981760610457e-01   9.6476158163375492e-01   1.3298422343471525e-01   2.2704688264981970e-01   1.1426164681415234e-01  -9.8901618741942676e-01   9.3761703747633499e-02
   1.4802454552535793e-01  -6.3001442031077604e-02  -9.8697495015021297e-01   9.8898315104378498e-01   8.3902896969513321e-03   1.4779015525503092e-01  -1.0299871436696693e-03  -9.9797816676558881e-01   6.3549333479414855e-02
   5.8658616014519674e-02  -4.9793193525581265e-02  -9.9703550821712728e-01   9.9124417403471077e-01  -1.1544821219143411e-01   6.4083521626441070e-02  -1.1829689010919101e-01  -9.9206468951390758e-01   4.2585180640314982e-02
   2.6295860769732249e-01   8.0837314430331833e-02  -9.6141463439744768e-01   9.5670470972995558e-01   1.0702468987981616e-01   2.7066919687443286e-01   1.2477527406664739e-01  -9.9096470388799485e-01  -4.9194375997385499e-02
   1.7513267585467196e-01   8.3075758575852102e-02  -9.8103362031330466e-01   9.8449163560783193e-01  -4.4177838988970460e-03   1.7537588945929408e-01   1.0235490520648764e-02  -9.9653344224991725e-01  -8.2561087755263510e-02
   8.6918673836555771e-02   9.7038762426994385e-02  -9.9147799911300705e-01   9.9050042489308943e-01  -1.1486951001030948e-01   7.5590369469927324e-02  -1.0655539603935187e-01  -9.8862959406272466e-01  -1.0610124088938853e-01
   4.1477403989320710e-01   1.4798683685549038e-01  -8.9780977492349412e-01   7.7403569103090220e-01   4.6133478071449063e-01   4.3363460322422009e-01   4.7836308891989437e-01  -8.7479718576400278e-01   7.6802597211279286e-02
   3.3594051101329109e-01   1.1811908347362451e-01  -9.3444735281313718e-01   8.6012408108481997e-01   3.6583072977729636e-01   3.5546370038107034e-01   3.8383660351524823e-01  -9.2315532781323439e-01   2.1300294174417842e-02
   2.5317282263022783e-01   9.6293222351334612e-02  -9.6261681743601346e-01   9.2622861606153328e-01   2.6313705622767275e-01   2.6992487923229797e-01   2.7929209202943650e-01  -9.5994088618468121e-01  -2.2570386810813269e-02
   3.8280612914442685e-01   2.9041312785731760e-01  -8.7699468793008595e-01   7.6768914725835791e-01   4.2809161244861249e-01   4.7685526581226140e-01   5.1391909934462943e-01  -8.5580242259488626e-01  -5.9070913396767122e-02
   3.0352070266265258e-01   2.6163373629505804e-01  -9.1620028983157298e-01   8.5561057939119134e-01   3.4829707874098104e-01   3.8290949501725507e-01   4.1929192633419549e-01  -9.0013161980500778e-01  -1.1814121862488484e-01
   2.1894668949843446e-01   2.4016432243730737e-01  -9.4571848104280232e-01   9.2352437885517369e-01   2.6179954688504281e-01   2.8029220272949418e-01   3.1490485677080615e-01  -9.3476312265675865e-01  -1.6447746259941759e-01
   3.4437630515732348e-01   4.2702539482233465e-01  -8.3609465530107285e-01   7.6472330303454783e-01   3.8902629704234176e-01   5.1366994267277832e-01   5.4461291780687837e-01  -8.1627682337939367e-01  -1.9258483162369092e-01
   2.6577568357188830e-01   3.9949842707450645e-01  -8.7736212180996886e-01   8.5277185868014294e-01   3.2702010924825370e-01   4.0723212691347754e-01   4.4960365108071548e-01  -8.5642212425430442e-01  -2.5376702311891230e-01
   1.8119627195634644e-01   3.7871761078562260e-01  -9.0760172008979323e-01   9.2092294049652534e-01   2.5847061964493806e-01   2.9170854709383282e-01   3.4506354298354203e-01  -8.8868774609600143e-01  -3.0193582305260452e-01
   4.4738835960475043e-01   1.2885857044249788e-01  -8.8500797991525826e-01   8.2304006412577380e-01   3.2786385370396254e-01   4.6379989896315127e-01   3.4992671880554221e-01  -9.3589570052324889e-01   4.0626705602158614e-02
   3.6674726076454789e-01   1.1089867183305473e-01  -9.2368713929953838e-01   8.9603238697010634e-01   2.2496287875557064e-01   3.8277625929863995e-01   2.5024469669176624e-01  -9.6803573682363142e-01  -1.6864282077073880e-02
   2.8119739514772035e-01   1.0379752424570343e-01  -9.5401996777981524e-01   9.4897518639116429e-01   1.1779047178279435e-01   2.9252606784873375e-01   1.4273794371501966e-01  -9.8759884503661188e-01  -6.5378901079465077e-02
   4.3485457495790286e-01   2.7251941705854371e-01  -8.5827423703863626e-01   8.1160789669713995e-01   2.9430188667717133e-01   5.0465733078704356e-01   3.9012064884728598e-01  -9.1603469739105958e-01  -9.3200389047705112e-02
   3.5359236459721927e-01   2.5735739250099166e-01  -8.9929951196675173e-01   8.8881133404633672e-01   2.0719149438848977e-01   4.0876166298203098e-01   2.9152504552665481e-01  -9.4384260190889602e-01  -1.5548083693023571e-01
   2.6818776940350797e-01   2.4997292245177147e-01  -9.3037028025581936e-01   9.4559490764777643e-01   1.1633926354994445e-01   3.0383457075726189e-01   1.8418900882778938e-01  -9.6123811503579992e-01  -2.0517235493472108e-01
   4.1578906345377620e-01   4.1046997644641414e-01  -8.1156259964854893e-01   8.0229395712427598e-01   2.5470133269721956e-01   5.3986260982228618e-01   4.2830346843575928e-01  -8.7558073845781914e-01  -2.2341555310129627e-01
   3.3551721692580855e-01   3.9737362842189328e-01  -8.5412083254137938e-01   8.8219948835344808e-01   1.8544179991212184e-01   4.3282259829434350e-01   3.3038199087612785e-01  -8.9872439506234192e-01  -2.8834389507072017e-01
   2.4981867048381770e-01   3.9077669753690186e-01  -8.8593690776479705e-01   9.4218811784410550e-01   1.1291560880976090e-01   3.1548631647109915e-01   2.2332080617595690e-01  -9.1353359979218851e-01  -3.3997673387990351e-01
   4.7723840909633203e-01   1.0542437147803740e-01  -8.7242719053320539e-01   8.5211709740955088e-01   1.8715213896281782e-01   4.8874382777070835e-01   2.1480212565410828e-01  -9.7665745211926935e-01  -5.1772036250056185e-04
   3.9555504940254560e-01   9.9843714985522816e-02  -9.1299914319239062e-01   9.1152973067503340e-01   7.9055727516984267e-02   4.0356380169963524e-01   1.1247112068282987e-01  -9.9185756261907410e-01  -5.9739622426813632e-02
   3.1078048486138027e-01   1.0774363985136111e-01  -9.4435522887359746e-01   9.5047155244664994e-01  -3.0634301405319454e-02   3.0929818552177674e-01   4.3952495925346060e-03  -9.9370662051180303e-01  -1.1192780767991081e-01
   4.8461952845442791e-01   2.4947726535702291e-01  -8.3839430264678516e-01   8.3506167561950484e-01   1.5339610791854769e-01   5.2833855811116603e-01   2.6041488158734794e-01  -9.5615413409419703e-01  -1.3399015375177648e-01
   4.0270662947333341e-01   2.4597495016895315e-01  -8.8165962506378193e-01   9.0132549992274480e-01   6.1279641552331433e-02   4.2878566757790798e-01   1.5949831901070866e-01  -9.6733713327908566e-01  -1.9702577702463045e-01
   3.1896171881524049e-01   2.5296731647950360e-01  -9.1338434337555086e-01   9.4634210036169397e-01  -3.2168859678821063e-02   3.2156149264173606e-01   5.1962015101843492e-02  -9.6693986434530799e-01  -2.4965425637555816e-01
   4.8455775696966730e-01   3.8629869010151241e-01  -7.8484208742038120e-01   8.1926272731433203e-01   1.1407543687351848e-01   5.6195674062653389e-01   3.0661435679695009e-01  -9.1529236680307302e-01  -2.6120398059375166e-01
   4.0267550455019119e-01   3.8618536612606696e-01  -8.2988752311703340e-01   8.9164935392967104e-01   3.9455893690658952e-02   4.5100405994832382e-01   2.0691512190279626e-01  -9.2157696121547372e-01  -3.2845401030403620e-01
   3.1796758984870904e-01   3.9273840220363571e-01  -8.6293288223380293e-01   9.4282494025833030e-01  -3.5088534174263060e-02   3.3143615794957715e-01   9.9888657177272688e-02  -9.1898059947097732e-01  -3.8144057723750963e-01
   4.2359113922869485e-01   1.3648427066738256e-03  -9.0585246258500740e-01   7.9299616738144918e-01   4.8281596543852506e-01   3.7154518168857703e-01   4.3786713199927341e-01  -8.7572077782935553e-01   2.0343424980243627e-01
   3.4498791210453406e-01  -3.1323559976330115e-02  -9.3808431129198755e-01   8.7449933615662123e-01   3.7375564848457798e-01   3.0912396588990082e-01   3.4093144701447231e-01  -9.2699813905761486e-01   1.5633361321333372e-01
   2.6143948713391568e-01  -5.2545894666276349e-02  -9.6378852634842849e-01   9.3612899887486534e-01   2.5710160534160359e-01   2.3991928225199260e-01   2.3518480400037783e-01  -9.6495476240313471e-01   1.1640624761074081e-01
   3.9684156430671613e-01   1.4410271699366203e-01  -9.0650492541058070e-01   7.8589756260393606e-01   4.5689034478934137e-01   4.1667281400574718e-01   4.7421703251969965e-01  -8.7777310268276088e-01   6.8063105092913426e-02
   3.1772719143522371e-01   1.1503006901072861e-01  -9.4117879015948502e-01   8.6943993680039600e-01   3.6070022649094274e-01   3.3759375424599730e-01   3.7831683562750557e-01  -9.2556114321678984e-01   1.4592533982183157e-02
   2.3393334740749100e-01   9.4253911041862717e-02  -9.6767318306545991e-01   9.3320347921989277e-01   2.5747124182031145e-01   2.5067873066415902e-01   2.7277546690018473e-01  -9.6167809577260255e-01  -2.7726968254159247e-02
   3.6607519940691186e-01   2.8621002633497300e-01  -8.8547883611327727e-01   7.8041319343125237e-01   4.2388407210845130e-01   4.5964936737821455e-01   5.0689663235972049e-01  -8.5930560002719192e-01  -6.8188634421604055e-02
   2.8685239495174669e-01   2.5841827752943658e-01  -9.2246175928824625e-01   8.6533339825444799e-01   3.4321998376282753e-01   3.6523711833718936e-01   4.1099125705525247e-01  -9.0300611104497164e-01  -1.2516449192794193e-01
   2.0173445659043121e-01   2.3844991864601828e-01  -9.4997097077851356e-01   9.3053298216458136e-01   2.5599893292983866e-01   2.6186430730948307e-01   3.0563307760786435e-01  -9.3680637414382062e-01  -1.7024170827224996e-01
   4.5652093209883876e-01  -1.8437287160155788e-02  -8.8952161581255629e-01   8.3531670890353771e-01   3.5310390189134233e-01   4.2138299716015093e-01   3.0632439403705647e-01  -9.3540242725325584e-01   1.7660029645090347e-01
   3.7521948326872134e-01  -3.6461538036813484e-02  -9.2621860034202719e-01   9.0376302982831558e-01   2.3642131726556320e-01   3.5681556392337815e-01   2.0596777731260876e-01  -9.7096628004601993e-01   1.2166247458644580e-01
   2.8955594511955801e-01  -4.4318458085737714e-02  -9.5613452448848568e-01   9.5214738207423377e-01   1.1544638127154258e-01   2.8299734249722008e-01   9.7840264999144944e-02  -9.9232454737560971e-01   7.5625889883616043e-02
   4.4964371093988498e-01   1.2860114394246069e-01  -8.8390173604813049e-01   8.2254613183850223e-01   3.2614471979812626e-01   4.6588355062753439e-01   3.4819304158717085e-01  -9.3653156248174152e-01   4.0868548613600932e-02
   3.6930318153886937e-01   1.1052850768861529e-01  -9.2271263624890087e-01   8.9546482331928712e-01   2.2319321168389342e-01   3.8513314640002871e-01   2.4851138867872019e-01  -9.6848760407470191e-01  -1.6548427436390217e-02
   2.8409738291651399e-01   1.0335061919726754e-01  -9.5320896267897537e-01   9.4835680760086760e-01   1.1601201242427696e-01   2.9522970455284425e-01   1.4109586279220801e-01  -9.8785619524544666e-01  -6.5054554168878245e-02
   4.3747101959387036e-01   2.7268385953877528e-01  -8.5689125317191617e-01   8.1084980256853922e-01   2.9235748305419451e-01   5.0700069011469506e-01   3.8876947499779341e-01  -9.1660821229642830e-01  -9.3207727473027177e-02
   3.5609662765622807e-01   2.5643457213270310e-01  -8.9857470584641930e-01   8.8831896203971228e-01   2.0550450732715944e-01   4.1067909509604783e-01   2.8997347025641623e-01  -9.4446239082524530e-01  -1.5461623092066487e-01
   2.7109160292104068e-01   2.4921792656177127e-01  -9.2973101911571832e-01   9.4503145624002727e-01   1.1454895646064771e-01   3.0625819709949037e-01   1.8282475090248107e-01  -9.6164908446586039e-01  -2.0446551983994157e-01
   4.8604858288046932e-01  -4.0850121865479400e-02  -8.7297654185176332e-01   8.5731862130831238e-01   2.1613203467081138e-01   4.6721700006214467e-01   1.6959232482014816e-01  -9.7550920607272118e-01   1.4007223932480947e-01
   4.0367372448731104e-01  -4.6725774450688130e-02  -9.1370904896500094e-01   9.1241126452960719e-01   9.4217641432302920e-02   3.9828221200854258e-01   6.7477466742802861e-02  -9.9445449269683472e-01   8.0666309182065368e-02
   3.1872018496215604e-01  -4.1942499472219480e-02  -9.4692041399249205e-01   9.4697308380779854e-01  -2.8844825921746808e-02   3.2001555362371387e-01  -4.0736006692326750e-02  -9.9870356100074398e-01   3.0524989814834216e-02
   4.9900111847374456e-01   1.0498012083754227e-01  -8.6021919182897011e-01   8.3913184874821467e-01   1.8940976758056347e-01   5.0988398715931460e-01   2.1646159977777826e-01  -9.7627000065248948e-01   6.4235229923350744e-03
   4.1643253260108193e-01   1.0009396067394101e-01  -9.0363994202782560e-01   9.0173589135612398e-01   8.1343234186533914e-02   4.2456526058104394e-01   1.1600141392079642e-01  -9.9164735530766035e-01  -5.6384347825419769e-02
   3.3316229553580717e-01   1.0508902402574638e-01  -9.3699476085121636e-01   9.4282979479015783e-01  -2.8012150323317084e-02   3.3209531386367425e-01   8.6523343243324179e-03  -9.9406821519631172e-01  -1.0841365526150289e-01
   5.0403372441490779e-01   2.4883850426230691e-01  -8.2706070118760622e-01   8.2194250682368564e-01   1.5589780516907845e-01   5.4781966906990509e-01   2.6525557511357395e-01  -9.5591593413854248e-01  -1.2595319262013660e-01
   4.2460793330677121e-01   2.4548850823107440e-01  -8.7146055292218116e-01   8.9002261883005374e-01   6.3340601353541678e-02   4.5149496806837613e-01   1.6603566166292266e-01  -9.6732794880880635e-01  -1.9159540315336870e-01
   3.3863930609767007e-01   2.5181604719375122e-01  -9.0659367896616316e-01   9.3903171824211884e-01  -2.9496119625095883e-02   3.4256300305537385e-01   5.9521865738083345e-02  -9.6732551775644637e-01  -2.4645180095970320e-01
   4.2729122479632003e-01  -1.4776230430680548e-01  -8.9195768433149569e-01   8.1281019132559640e-01   4.9481532026076658e-01   3.0740428056954894e-01   3.9593156238080884e-01  -8.5634344760801273e-01   3.3153295107653191e-01
   3.4738496172637923e-01  -1.8019661046699495e-01  -9.2024609205503771e-01   8.8935598428127494e-01   3.7441657133844436e-01   2.6240839226337437e-01   2.9727028373089592e-01  -9.0958309828369688e-01   2.9032562017015118e-01
   2.6264762425892019e-01  -2.0142005503251265e-01  -9.4363456215944341e-01   9.4598925273275580e-01   2.4638325549408918e-01   2.1071218551914811e-01   1.9005409541829540e-01  -9.4801120923902238e-01   2.5525318405829811e-01
   4.0691180596626420e-01  -3.8341522270796125e-03  -9.1345940328072228e-01   8.0421561267114938e-01   4.7573364360672366e-01   3.5625096305363002e-01   4.3319744978617025e-01  -8.7958103641300178e-01   1.9666512116129817e-01
   3.2691017317403986e-01  -3.5226301998812416e-02  -9.4439866916615611e-01   8.8361029537037084e-01   3.6584039775339794e-01   2.9222191787598889e-01   3.3520528723575455e-01  -9.3001070478738246e-01   1.5072327089759965e-01
   2.4258011905555893e-01  -5.5347748700642518e-02  -9.6855124415425775e-01   9.4285434754693032e-01   2.4853062087979333e-01   2.2194190635604655e-01   2.2843065720441832e-01  -9.6704144544009829e-01   1.1247345309130813e-01
   3.8129804570562276e-01   1.4073402695345621e-01  -9.1367704031486785e-01   7.9765150738299295e-01   4.4950551990070797e-01   4.0211548135881764e-01   4.6729420402002864e-01  -8.8212171565847919e-01   5.9138867532526666e-02
   3.0133509059334807e-01   1.1174643889473586e-01  -9.4694767361847587e-01   8.7887904625249025e-01   3.5262768003864708e-01   3.2128700771875984e-01   3.6982264024179407e-01  -9.2906751781821884e-01   8.0474902722501261e-03
   2.1701345989848267e-01   9.1868302762947385e-02  -9.7183608348854034e-01   9.4003708083800819e-01   2.4868626619137510e-01   2.3342113798314934e-01   2.6312629072832222e-01  -9.6421748374277449e-01  -3.2391344095398011e-02
   4.5823215752512464e-01  -1.6405425037703533e-01  -8.7356138464511968e-01   8.4912810623136858e-01   3.7126354681570256e-01   3.7569247798399380e-01   2.6268755017662848e-01  -9.1391989897312864e-01   3.0942797100964842e-01
   3.7647914321062381e-01  -1.8481522516767393e-01  -9.0780327564600549e-01   9.1239830780189990e-01   2.4383915232145573e-01   3.2874275005752507e-01   1.6060131583404105e-01  -9.5204296139479749e-01   2.6042545384619886e-01
   2.9092126798508144e-01  -1.9262581333822071e-01  -9.3715532963844383e-01   9.5533879250065890e-01   1.1161177021686863e-01   2.7362493360883533e-01   5.1890339923101721e-02  -9.7490415364016436e-01   2.1649314963254421e-01
   4.5803324600801132e-01  -1.8356441993033330e-02  -8.8874551283746062e-01   8.3503455173437580e-01   3.5173045493103672e-01   4.2308744307031387e-01   3.0483248344153657e-01  -9.3592132581289245e-01   1.7643250530302801e-01
   3.7625163452456939e-01  -3.7564845346633131e-02  -9.2575568586516022e-01   9.0373382665177904e-01   2.3509954429696897e-01   3.5776161733295220e-01   2.0420548005115313e-01  -9.7124512182324041e-01   1.2240520925041094e-01
   2.9262204872824743e-01  -4.4668856543293833e-02  -9.5518429104189018e-01   9.5139070024396388e-01   1.1395078507254539e-01   2.8613100857937324e-01   9.6062854878366313e-02  -9.9248169345155368e-01   7.5842046887942050e-02
   4.5167814856317412e-01   1.2818793545210436e-01  -8.8292395103716059e-01   8.2207122872452421e-01   3.2474503807922134e-01   4.6769600719513943e-01   3.4667815768215737e-01  -9.3707444391971961e-01   4.1300623949928901e-02
   3.7029461195744900e-01   1.1025904883995462e-01  -9.2234746300089687e-01   8.9542463887249579e-01   2.2184340535291111e-01   3.8600546576633432e-01   2.4717729761315674e-01  -9.6882838813193994e-01  -1.6581251289466036e-02
   2.8492159284676322e-01   1.0396324629683129e-01  -9.5289628467587584e-01   9.4829072727841890e-01   1.1448877157598739e-01   2.9603550081162416e-01   1.3987273675534750e-01  -9.8796961724662713e-01  -6.5967059280548357e-02
   4.8727979537457683e-01  -1.8423882363039507e-01  -8.5358916165038023e-01   8.6432791914459794e-01   2.4109872295676024e-01   4.4137133343227919e-01   1.2448152154789617e-01  -9.5285227693274033e-01   2.7672529544154983e-01
   4.0585159670879573e-01  -1.9314443707688161e-01  -8.9329709944406266e-01   9.1368769020024387e-01   1.0866519237111660e-01   3.9162058263514582e-01   2.1430964174864169e-02  -9.7513440222012593e-01   2.2057563641828823e-01
   3.2263467163377602e-01  -1.8960642974401196e-01  -9.2733827186172690e-01   9.4252495848828188e-01  -2.5603673978117091e-02   3.3315334983380496e-01  -8.6911283999423994e-02  -9.8152628781839157e-01   1.7044815937703811e-01
   5.0624816735885902e-01  -4.0529238886440944e-02  -8.6143495044088036e-01   8.4518281671170947e-01   2.2185095921614212e-01   4.8625935284592564e-01   1.7140244858536025e-01  -9.7423792406689014e-01   1.4656625781120086e-01
   4.2586104164365812e-01  -4.6846727736836825e-02  -9.0357498709876272e-01   9.0201996823920449e-01   1.0004721450529205e-01   4.1994110511770283e-01   7.0727293938930985e-02  -9.9387923761897901e-01   8.4862894848062281e-02
   3.4198874021962605e-01  -4.3070285181103930e-02  -9.3871649186397654e-01   9.3899902300240290e-01  -2.3025793396446684e-02   3.4314814240936314e-01  -3.6394180352434684e-02  -9.9880666966780041e-01   3.2568393629283141e-02
   5.1733979947216946e-01   1.0533861795604009e-01  -8.4927222222866017e-01   8.2663206870197781e-01   1.9528810878805761e-01   5.2777076231965647e-01   2.2144740882562439e-01  -9.7507247429772848e-01   1.3954031364504281e-02
   4.3787057592414247e-01   1.0019111525362630e-01  -8.9343779815054536e-01   8.9066984107724689e-01   8.6930897281310704e-02   4.4626253852782349e-01   1.2237889088928246e-01  -9.9116333644969978e-01  -5.1172722642129471e-02
   3.5440423030810903e-01   1.0492014800244802e-01  -9.2918749673188206e-01   9.3494952863627612e-01  -2.2394465889734028e-02   3.5407325061393469e-01   1.6340760157392279e-02  -9.9422846994071623e-01  -1.0603173636614954e-01
   1.5931236096284679e-01  -1.6482059198017263e-01  -9.7337235634866315e-01   9.2325036601689459e-01   3.7403827445178595e-01   8.7773178675494293e-02   3.4961168929844677e-01  -9.1264973659363713e-01   2.1175959246619894e-01
   7.0816800799999149e-02  -1.8468937284635756e-01  -9.8024222327038768e-01   9.6879525260316035e-01   2.4674584246527431e-01   2.3499952333588828e-02   2.3753050174247570e-01  -9.5131820374873577e-01   1.9639993879389755e-01
  -1.8884225482798701e-02  -1.9353518263782504e-01  -9.8091157558123410e-01   9.9251032164055331e-01   1.1480209092061192e-01  -4.1758129235164546e-02   1.2069236705309884e-01  -9.7435343330928881e-01   1.8991771779778938e-01
   1.5405499159589800e-01  -1.7863072605539401e-02  -9.8790078965525552e-01   9.2502698540376094e-01   3.5400942895116105e-01   1.3784919473288176e-01   3.4726378423212934e-01  -9.3507124586887103e-01   7.1060743804290311e-02
   6.5382661262089428e-02  -3.7605013739658945e-02  -9.9715142809300905e-01   9.6985440868217376e-01   2.3748103860995678e-01   5.4636821471304921e-02   2.3474993837280991e-01  -9.7066400945042564e-01   5.1998530667565837e-02
  -2.6446594325462331e-02  -4.4541988171301172e-02  -9.9865739317261959e-01   9.9264903118930725e-01   1.1685751841634517e-01  -3.1499543941210205e-02   1.1810367702791923e-01  -9.9214934948288980e-01   4.1124078022050328e-02
   1.4742935625577588e-01   1.2813534719887840e-01  -9.8073743566371008e-01   9.2736223237420068e-01   3.2685649196016003e-01   1.8211019639063972e-01   3.4389515099801377e-01  -9.3634724673153213e-01  -7.0639639426687509e-02
   5.7263949864605576e-02   1.1117203879502749e-01  -9.9214999764957956e-01   9.7120163135076210e-01   2.2401147151773401e-01   8.1155726169373402e-02   2.3127522847793899e-01  -9.6822499369651482e-01  -9.5142683764232891e-02
  -3.2096983517934476e-02   1.0452315712304452e-01  -9.9400437286466747e-01   9.9293901729579392e-01   1.1696808601373954e-01  -1.9762965008943326e-02   1.1420110148642085e-01  -9.8762005674212228e-01  -1.0753944364731699e-01
   1.9273788578283543e-01  -1.8683891506825551e-01  -9.6329815073012581e-01   9.5882671409582187e-01   2.4453179144546436e-01   1.4441445671635880e-01   2.0857478208108490e-01  -9.5147013762313548e-01   2.2627668349001173e-01
   1.0256289717916629e-01  -1.9517744640958157e-01  -9.7539049438430026e-01   9.9033174077991637e-01   1.1210691783528677e-01   8.1701176107153731e-02   9.3401795090006678e-02  -9.7433967556828294e-01   2.0478843055079365e-01
   1.2132252608504373e-02  -1.9134245904072605e-01  -9.8144835412511211e-01   9.9961631701803555e-01  -2.2121134632750301e-02   1.6669557698357738e-02  -2.4900345337817837e-02  -9.8127402837882538e-01   1.9100066500211357e-01
   2.0646488605634944e-01  -4.1977508995036210e-02  -9.7755313899772778e-01   9.5532638974065243e-01   2.2458612272532469e-01   1.9212642333707575e-01   2.1147988058165343e-01  -9.7354967116104474e-01   8.6471370356855037e-02
   1.1657644533427797e-01  -4.8892933265812288e-02  -9.9197752669598727e-01   9.8845711819979387e-01   1.0301752969447327e-01   1.1108516577745756e-01   9.6759794715475286e-02  -9.9347716111258022e-01   6.0337985335159980e-02
   2.6688479327763314e-02  -4.4646931476093728e-02  -9.9864627200072231e-01   9.9941679949592088e-01  -2.0096865628893908e-02   2.7607551090686456e-02  -2.1302252380962571e-02  -9.9880066454806860e-01   4.4084538580261720e-02
   2.1962477815869622e-01   1.0435467346859145e-01  -9.6998714370037253e-01   9.5124692502358199e-01   1.9779040396668765e-01   2.3666060874567679e-01   2.1655078954352291e-01  -9.7467382145205805e-01  -5.5827388655735097e-02
   1.2922939277112014e-01   9.8687220504616979e-02  -9.8669174343007471e-01   9.8635364286282556e-01   8.9570052664766309e-02   1.3814375438963361e-01   1.0201105457370697e-01  -9.9107922900982215e-01  -8.5765415932390843e-02
   3.8804981987870475e-02   1.0417630850905772e-01  -9.9380152450997283e-01   9.9912396160705208e-01  -1.9639362830565259e-02   3.6954090033984775e-02  -1.5667888037368731e-02  -9.9436491901767854e-01  -1.0484715118406179e-01
   2.1935344118713465e-01  -2.1454246470946653e-01  -9.5176446596610742e-01   9.7360355866986192e-01   1.1121515569486452e-01   1.9931708328476974e-01   6.3088654960643933e-02  -9.7036215918602009e-01   2.3327473424077153e-01
   1.3036750169066860e-01  -2.0922594887257204e-01  -9.6913818252161876e-01   9.9006351225129718e-01  -2.4496321324633714e-02   1.3847083429439699e-01  -5.2712012023442979e-02  -9.7756044956817523e-01   2.0395345358318440e-01
   4.2014278800242097e-02  -1.9268008055100788e-01  -9.8036176329748470e-01   9.8455583948312697e-01  -1.5892733644066967e-01   7.3429562653956129e-02  -1.6995469783613679e-01  -9.6830598897803555e-01   1.8302708103637577e-01
   2.5399164825668491e-01  -7.0508372131982425e-02  -9.6463299346184006e-01   9.6454666964986069e-01   9.2377563954423050e-02   2.4721672222001745e-01   7.1679597398529679e-02  -9.9322452403127048e-01   9.1471745253057887e-02
   1.6551745887393296e-01  -6.5387641931194534e-02  -9.8403680169523866e-01   9.8525275569724047e-01  -3.2916509459403005e-02   1.6790923380208603e-01  -4.3370245548193916e-02  -9.9731688027812260e-01   5.8975097400533756e-02
   7.7769852082051880e-02  -5.0073704239972976e-02  -9.9571304814731842e-01   9.8404142797829142e-01  -1.5647292722404593e-01   8.4727156616893798e-02  -1.6004473790031704e-01  -9.8641210819293290e-01   3.7105723019405512e-02
   2.8647502180534407e-01   7.1950852151502764e-02  -9.5538219407538705e-01   9.5432170482194956e-01   6.6898578402706854e-02   2.9119523332881758e-01   8.4865455795366709e-02  -9.9516212502404311e-01  -4.9499488181952121e-02
   1.9882336260936626e-01   8.0038952501460300e-02  -9.7676150444372734e-01   9.7961160685646442e-01  -4.5535721770763968e-02   1.9567216908623333e-01  -2.8816144655391594e-02  -9.9575110551045043e-01  -8.7460652192371494e-02
   1.1038361650724962e-01   9.6379153964774852e-02  -9.8920499184335664e-01   9.8325428539909643e-01  -1.5579859116134273e-01   9.4539987499757949e-02  -1.4500506008789496e-01  -9.8307571309293162e-01  -1.1196282809812746e-01
   1.4649698991699911e-01  -3.0924617946281546e-01  -9.3963047653474452e-01   9.2651405356274807e-01   3.7568431220170817e-01   2.0808799010388120e-02   3.4656938770754603e-01  -8.7362926808411290e-01   3.4155755217947503e-01
   5.7025244510828188e-02  -3.2982267846109137e-01  -9.4231901299996690e-01   9.7047218682246139e-01   2.3988939630561446e-01  -2.5235137094090955e-02   2.3437545966357035e-01  -9.1305535336740640e-01   3.3376348750965956e-01
  -3.2677851579291539e-02  -3.3722908230098209e-01  -9.4085530453231703e-01   9.9255465872834758e-01   9.9563320262505778e-02  -7.0159779752780829e-02   1.1733459614629797e-01  -9.3614298657242678e-01   3.3146478129424534e-01
   1.4059971096573703e-01  -1.6724414878723942e-01  -9.7583867312829087e-01   9.2897193619695861e-01   3.6315772766271648e-01   7.1607308267570141e-02   3.4240745178051485e-01  -9.1659470843731394e-01   2.0642499226084560e-01
   5.2370023635011746e-02  -1.8517763335881554e-01  -9.8130862868319646e-01   9.7178911110624810e-01   2.3573607390386828e-01   7.3774653992176933e-03   2.2996370183095202e-01  -9.5401139802625878e-01   1.9229911148049245e-01
  -3.9550788598368497e-02  -1.9240341139158890e-01  -9.8051856810879701e-01   9.9280350397678441e-01   1.0343989476413952e-01  -6.0343936419516894e-02   1.1303511672337124e-01  -9.7584892040523508e-01   1.8692765159620228e-01
   1.3538318586689918e-01  -2.0360077220336576e-02  -9.9058410053872292e-01   9.3158114868660180e-01   3.4306290250145122e-01   1.2026806865927266e-01   3.3738398953755999e-01  -9.3909174854369859e-01   6.5412012817660778e-02
   4.6663722809038154e-02  -3.7722746191002000e-02  -9.9819812231510985e-01   9.7334403369919276e-01   2.2635427444456968e-01   3.6947726626364898e-02   2.2455264201470757e-01  -9.7331430527886598e-01   4.7279743059083126e-02
  -4.3740195143919226e-02  -4.4955534596208525e-02  -9.9803095905785411e-01   9.9326939579076623e-01   1.0528778078401238e-01  -4.8274119391493120e-02   1.0725065367734690e-01  -9.9342512708645925e-01   4.0047648608064146e-02
   1.7844247872413158e-01  -3.3115999400465845e-01  -9.2654807762879865e-01   9.6224319950151160e-01   2.5543723211312602e-01   9.4020452367977181e-02   2.0553906392674365e-01  -9.0834182928081608e-01   3.6423730503464180e-01
   8.8105489786730481e-02  -3.3931231381316718e-01  -9.3653861445441489e-01   9.9201764737608933e-01   1.1503771782246933e-01   5.1646014101831332e-02   9.0213136315333509e-02  -9.3361313035590543e-01   3.4673925774737169e-01
  -1.9045539043968322e-03  -3.3562458300214365e-01  -9.4199390229399149e-01   9.9959426839325927e-01  -2.7410105409041711e-02   7.7449801039118612e-03  -2.8419557874287665e-02  -9.4159695486237727e-01   3.3554061352409720e-01
   1.9347033399821817e-01  -1.8646026357652548e-01  -9.6322468820602314e-01   9.5893965372505219e-01   2.4345370000298183e-01   1.4548208298115417e-01   2.0737398673964721e-01  -9.5182081615282532e-01   2.2590520924023413e-01
   1.0399227301518663e-01  -1.9583225060473503e-01  -9.7510785904751007e-01   9.9032871422484969e-01   1.1092185805569479e-01   8.3338941601315261e-02   9.1840323033458460e-02  -9.7434391824886746e-01   2.0547331709142541e-01
   1.3358732247203084e-02  -1.9195955475187032e-01  -9.8131191453696898e-01   9.9956072658530482e-01  -2.3402150193675347e-02   1.8184972767916585e-02  -2.6455588086541311e-02  -9.8112377848351884e-01   1.9156260896432500e-01
   2.0905465456249642e-01  -4.2999914559236074e-02  -9.7695811514806219e-01   9.5504791950913848e-01   2.2370849595755504e-01   1.9451987116403907e-01   2.1018949271317311e-01  -9.7370709979146575e-01   8.7834281283971291e-02
   1.1852756167019884e-01  -4.8579441937119924e-02  -9.9176169261854197e-01   9.8833548167201191e-01   1.0196074522358969e-01   1.1312374685097078e-01   9.5625272771739336e-02  -9.9360155205923884e-01   6.0097944663709463e-02
   3.0181947823117266e-02  -4.4795076621969507e-02  -9.9854016000160695e-01   9.9928648837996603e-01  -2.1341293786766372e-02   3.1161888914883210e-02  -2.2706038114106365e-02  -9.9876821649967373e-01   4.4118992998729456e-02
   2.0673298577968174e-01  -3.5422660185884408e-01  -9.1202247073531795e-01   9.7654219761311534e-01   1.3208222307175313e-01   1.7005770382246818e-01   6.0222992881163076e-02  -9.2578496471046634e-01   3.7322297657630327e-01
   1.1673050985626575e-01  -3.5207312138604990e-01  -9.2866490472407748e-01   9.9158789699182204e-01  -1.1336647858726923e-02   1.2893767081292998e-01  -5.5923435230970618e-02  -9.3590383993913151e-01   3.4778811333792969e-01
   2.7782799627989331e-02  -3.3662398275545979e-01  -9.4122920177748581e-01   9.8446372763355916e-01  -1.5409857372342989e-01   8.4171245388445587e-02  -1.7337613739689900e-01  -9.2894452138448846e-01   3.2711281107757789e-01
   2.4244606996982121e-01  -2.1539787627381518e-01  -9.4595119221496760e-01   9.6785856964131667e-01   1.2089220618140055e-01   2.2053313505334843e-01   6.6855757628296097e-02  -9.6901435973948458e-01   2.3778452071281400e-01
   1.5390341572565169e-01  -2.1247551543621540e-01  -9.6497041092879721e-01   9.8689613198896031e-01  -1.4856001568326449e-02   1.6067147812424101e-01  -4.8474357068494171e-02  -9.7705345532243770e-01   2.0740487494097051e-01
   6.4596755635742714e-02  -1.9700396798679540e-01  -9.7827230143697452e-01   9.8415782134016816e-01  -1.4962066985961692e-01   9.5115917940866948e-02  -1.6510797029916660e-01  -9.6891851656793992e-01   1.8421798608027493e-01
   2.7524933309292737e-01  -7.2858956693969260e-02  -9.5860804141284239e-01   9.5816555590543850e-01   1.0217226588485749e-01   2.6735668228113685e-01   7.8463826750431079e-02  -9.9209495539157966e-01   9.7933790788767280e-02
   1.8799154028393517e-01  -6.9686144575565892e-02  -9.7969537206004342e-01   9.8151518472564370e-01  -2.3106388294244440e-02   1.8998430717556725e-01  -3.5876495573818522e-02  -9.9730132661808346e-01   6.4054203540070812e-02
   9.9901227066137729e-02  -5.2999654743475129e-02  -9.9358481340434779e-01   9.8331927830504795e-01  -1.4728496372988575e-01   1.0672551884496050e-01  -1.5199651885592605e-01  -9.8767311194350049e-01   3.7401633647763471e-02
   1.3299659705982550e-01  -4.4728126847551530e-01  -8.8444975665180681e-01   9.2908578591526048e-01   3.6700609166767889e-01  -4.5892603859867251e-02   3.4512535053329491e-01  -8.1562613711782794e-01   4.6437323013877657e-01
   4.3313192874848028e-02  -4.6784935809507089e-01  -8.8274625201867352e-01   9.7157930654522418e-01   2.2554210464252980e-01  -7.1863830447021756e-02   2.3271789449048919e-01  -8.5454533944282207e-01   4.6432170358541869e-01
  -4.5981420781719101e-02  -4.7523479147833403e-01  -8.7865670310505117e-01   9.9229305786902400e-01   7.9588271331718197e-02  -9.4974703849869460e-02   1.1506605167396715e-01  -8.7625201856256707e-01   4.6791260264839102e-01
   1.2665926447461104e-01  -3.1191888153367109e-01  -9.4162839913924345e-01   9.3201463578233845e-01   3.6238150836927091e-01   5.3255121376114935e-03   3.3956759181386320e-01  -8.7828597491636884e-01   3.3661193807549072e-01
   3.8251846319428774e-02  -3.3099875601515072e-01  -9.4285556675960547e-01   9.7329338691695422e-01   2.2607443992691392e-01  -3.9878949277236439e-02   2.2635542678910753e-01  -9.1614964450582792e-01   3.3080666504012013e-01
  -5.3253482742418118e-02  -3.3664208510742527e-01  -9.4012561560162189e-01   9.9256536477683321e-01   8.5339362759573878e-02  -8.6782427997961584e-02   1.0944433846131367e-01  -9.3775759111740320e-01   3.2959465572191943e-01
   1.2285723624338156e-01  -1.6799501263960642e-01  -9.7810212924359585e-01   9.3492956184516396e-01   3.5017804171099542e-01   5.7289209206113183e-02   3.3288558678718372e-01  -9.2149498904316929e-01   2.0008540995705254e-01
   3.3048569373249376e-02  -1.8651087866192920e-01  -9.8189688063621827e-01   9.7504610512628898e-01   2.2180698691284545e-01  -9.3141523875310914e-03   2.1952877929883124e-01  -9.5708690968866506e-01   1.8918710939745664e-01
  -5.6688910364581527e-02  -1.9274881752315629e-01  -9.7960923882183815e-01   9.9317696965888946e-01   8.9267771807624047e-02  -7.5038469172068439e-02   1.0191111019345242e-01  -9.7717918431571549e-01   1.8637319377853429e-01
   1.6368132056994361e-01  -4.6617580683276294e-01  -8.6941850821126576e-01   9.6498085183099347e-01   2.5878645672377382e-01   4.2912998215978465e-02   2.0498873358311578e-01  -8.4599626886894563e-01   4.9220923616264389e-01
   7.4089342042580650e-02  -4.7600773777068733e-01  -8.7631467121013651e-01   9.9329052532704432e-01   1.1346641947795512e-01   2.2345110122290110e-02   8.8795842758667420e-02  -8.7209059462494243e-01   4.8122062827303319e-01
  -1.6064511555452344e-02  -4.7240556645966630e-01  -8.8123487915901633e-01   9.9941956612375382e-01  -3.4066537630778243e-02   4.3160840482431001e-05  -3.0041010593722068e-02  -8.8072268722440195e-01   4.7267862855298987e-01
   1.7975674441919021e-01  -3.3093171631789037e-01  -9.2637557824605288e-01   9.6227370519621258e-01   2.5468179302217531e-01   9.5741843469624804e-02   2.0424698069681765e-01  -9.0863710216890459e-01   3.6422765880466651e-01
   9.0687957874884637e-02  -3.4046022403609255e-01  -9.3587527488751188e-01   9.9195741678832827e-01   1.1420055405674642e-01   5.4577621162513634e-02   8.8295965791817213e-02  -9.3329795312238095e-01   3.4807865938960486e-01
   4.2776138369172208e-04  -3.3615937098062876e-01  -9.4180501926996907e-01   9.9954597697102698e-01  -2.8230359575590801e-02   1.0530276314886860e-02  -3.0127345406351893e-02  -9.4138192254798514e-01   3.3599467102712471e-01
   1.9663347863156674e-01  -1.8911558652463134e-01  -9.6206578258178044e-01   9.5870549775713831e-01   2.4271359884086938e-01   1.4823588468367155e-01   2.0547273213613110e-01  -9.5148589262855510e-01   2.2903177176399658e-01
   1.0667577246187702e-01  -1.9592336604921196e-01  -9.7479962772131190e-01   9.9015698168656652e-01   1.1027202820174666e-01   8.6192989353085905e-02   9.0605911435235775e-02  -9.7439936085376178e-01   2.0575824255851916e-01
   1.6592417209652502e-02  -1.9211232757890101e-01  -9.8123266623332417e-01   9.9947697861267959e-01  -2.4056931861278229e-02   2.1610952146816204e-02  -2.7757177709756511e-02  -9.8107803849726383e-01   1.9161268607258267e-01
   1.9377423467391086e-01  -4.8714042642392891e-01  -8.5155490188246441e-01   9.7927292149625822e-01   1.4821008694641402e-01   1.3805185747218457e-01   5.8958385330029658e-02  -8.6065554960788404e-01   5.0576272473208861e-01
   1.0333692563908245e-01  -4.8665411729947128e-01  -8.6746138237672321e-01   9.9298332254980426e-01   6.3015892719830817e-05   1.1825445939561316e-01  -5.7494355700487720e-02  -8.7359473793313935e-01   4.8324593419719131e-01
   1.5526514656888970e-02  -4.7346843492628454e-01  -8.8067392857462534e-01   9.8435569443165216e-01  -1.4736387481364518e-01   9.6580304616871865e-02  -1.7550724823376623e-01  -8.6839595204512732e-01   4.6377330269114037e-01
   2.2909967456618560e-01  -3.5694746747447426e-01  -9.0559474632819470e-01   9.7131171241107839e-01   1.4478140210008295e-01   1.8865816425215626e-01   6.3772223159674554e-02  -9.2283630784093706e-01   3.7987662797779420e-01
   1.4047944586197558e-01  -3.5455278777353560e-01  -9.2442298001095047e-01   9.8872452803421507e-01   1.3326292118459886e-03   1.4973988033553895e-01  -5.1858778946576825e-02  -9.3503505002828535e-01   3.5074224476782406e-01
   5.2737232345196124e-02  -3.4062214339135688e-01  -9.3872005398630209e-01   9.8419785894439060e-01  -1.4139164197131335e-01   1.0659727027430388e-01  -1.6903656046502413e-01  -9.2950791229130092e-01   3.2778298036051312e-01
   2.6520948770661407e-01  -2.1694809844002061e-01  -9.3946657748621121e-01   9.6138530936457345e-01   1.3377468536001796e-01   2.4050492821315025e-01   7.3499758968173623e-02  -9.6697355503658333e-01   2.4404903050725898e-01
   1.7556662561445335e-01  -2.1536838222230711e-01  -9.6062105947626453e-01   9.8362078365154915e-01  -2.0875625117872925e-03   1.8023816480277383e-01  -4.0822958480087025e-02  -9.7653064571558945e-01   2.1147431058931859e-01
   8.8681923005785840e-02  -2.0129648530969738e-01  -9.7550768399534293e-01   9.8353860270330551e-01  -1.3710462352658045e-01   1.1770360742162153e-01  -1.5743993624371239e-01  -9.6988764669398542e-01   1.8582416222326475e-01
   4.1638548698482830e-01  -1.4177409450763070e-01  -8.9806638527168370e-01   7.9917479760940047e-01   5.2806465766833488e-01   2.8717130808560665e-01   4.3352366612952220e-01  -8.3728598665459908e-01   3.3318074292709821e-01
   3.3841885736979821e-01  -1.7839763010455700e-01  -9.2393017190131732e-01   8.7908130205295576e-01   4.1020840057398311e-01   2.4278618675578376e-01   3.3569143771833049e-01  -8.9437316242808407e-01   2.9564827916121533e-01
   2.5470735927527027e-01  -2.0185480324064034e-01  -9.4571602478740935e-01   9.3939002133704774e-01   2.8374857898830169e-01   1.9243994318877666e-01   2.2950065129188266e-01  -9.3741206645252984e-01   2.6189323917543184e-01
   3.8930724571598435e-01   1.0400963182749009e-03  -9.2110736976352714e-01   7.9257815985475044e-01   5.0913646758831188e-01   3.3555911236763286e-01   4.6931836630830071e-01  -8.6068517796656918e-01   1.9738615826436137e-01
   3.1257015304772445e-01  -3.2739599265658489e-02  -9.4933029977118388e-01   8.7397271462581394e-01   4.0142568229260067e-01   2.7391443132026738e-01   3.7211771459218035e-01  -9.1530625488731598e-01   1.5408720339745388e-01
   2.2848074349405048e-01  -5.7088281233970146e-02  -9.7187317999734768e-01   9.3646590947919262e-01   2.8578380022432065e-01   2.0336966320632371e-01   2.6613558618815714e-01  -9.5659215325816704e-01   1.1875732436018185e-01
   3.5909463799104652e-01   1.4514781498078710e-01  -9.2194530899201566e-01   7.8743000280702768e-01   4.8315887218966819e-01   3.8276819996406680e-01   5.0100402358205076e-01  -8.6341740544808954e-01   5.9206015943355887e-02
   2.8097796091795124e-01   1.1169373254379956e-01  -9.5319247562537179e-01   8.7051178605879664e-01   3.8849374571487572e-01   3.0212884647638211e-01   4.0405521381503573e-01  -9.1465683163187461e-01   1.1927469892066167e-02
   1.9518358896897095e-01   8.9502849525824657e-02  -9.7667425814544195e-01   9.3423680734268544e-01   2.8612131090841930e-01   2.1292295144064127e-01   2.9850452995446797e-01  -9.5400410657963342e-01  -2.7770672045467182e-02
   4.4935304229786588e-01  -1.5657659182036762e-01  -8.7952578942949167e-01   8.4082008763965377e-01   4.0676135587147838e-01   3.5716491931773164e-01   3.0183343684770542e-01  -9.0001609444693520e-01   3.1443219640677339e-01
   3.6650459423485343e-01  -1.8026785950836488e-01  -9.1278578058217930e-01   9.0845810468599819e-01   2.8121336448771511e-01   3.0922955173111100e-01   2.0094341102676144e-01  -9.4256169159465186e-01   2.6683178802975877e-01
   2.8290176533658268e-01  -1.9289595924690264e-01  -9.3955188258853584e-01   9.5474899195915686e-01   1.5035319784947668e-01   2.5660919361825163e-01   9.1765753538115682e-02  -9.6963140667093350e-01   2.2670240773959260e-01
   4.4203809813052930e-01  -1.0187816908745342e-02  -8.9693841939554486e-01   8.2886997864706846e-01   3.8688466715297104e-01   4.0409752884612327e-01   3.4289485020739630e-01  -9.2207183164250794e-01   1.7946213804777447e-01
   3.6078222021851059e-01  -3.3685467841349119e-02  -9.3204156496934776e-01   9.0054127470414247e-01   2.7254650211687642e-01   3.3873856694816090e-01   2.4261410125637808e-01  -9.6155275125193429e-01   1.2866508629536960e-01
   2.7619774137719733e-01  -4.5158790054025323e-02  -9.6003931760058236e-01   9.5165742366552963e-01   1.5253369283995308e-01   2.6661136609472319e-01   1.3439849567767678e-01  -9.8726600074623427e-01   8.5105159244984241e-02
   4.3012814822019596e-01   1.3526686423941162e-01  -8.9257641216172734e-01   8.1787051175033099e-01   3.6019860730914893e-01   4.4871459671131891e-01   3.8220099701324300e-01  -9.2301670555379745e-01   4.4300780475027515e-02
   3.5033418257163368e-01   1.1323335921060723e-01  -9.2975489613324791e-01   8.9297844780893865e-01   2.5911490841950396e-01   3.6803390602428204e-01   2.8258707024668178e-01  -9.5918594161749127e-01  -1.0338139714809699e-02
   2.6385535968920099e-01   1.0481667796001926e-01  -9.5885025587143047e-01   9.4843112359705084e-01   1.5284902572787115e-01   2.7769691954804837e-01   1.7566659601562581e-01  -9.8267524612939428e-01  -5.9081364987759809e-02
   4.7810859441359960e-01  -1.7525037993158257e-01  -8.6063899300559688e-01   8.6264427473596961e-01   2.7789137553967624e-01   4.2263605935357607e-01   1.6509702363490630e-01  -9.4449123221684950e-01   2.8404099185221970e-01
   3.9614494261895361e-01  -1.8832099700360602e-01  -8.9866811811980629e-01   9.1610468066292028e-01   1.4695946818450487e-01   3.7303502352783990e-01   6.1817461165230063e-02  -9.7105000736238878e-01   2.3073899691337382e-01
   3.1103727324272651e-01  -1.8816636606142811e-01  -9.3158425992336624e-01   9.4924640949412342e-01   1.3273916027593650e-02   3.1425317375614154e-01  -4.6766106490112938e-02  -9.8204746414647870e-01   1.8274493001784312e-01
   4.9232219834403290e-01  -3.2458721525347872e-02  -8.6980761344945590e-01   8.4472266467423329e-01   2.5881174675888335e-01   4.6846568660391524e-01   2.0991063051537179e-01  -9.6538226166454655e-01   1.5483738586040319e-01
   4.1047209712533261e-01  -4.1865958295139574e-02  -9.1091157585001725e-01   9.0530707134881772e-01   1.3837285555047771e-01   4.0158692634675403e-01   1.0923261439404620e-01  -9.8949491882618412e-01   9.4699744296409788e-02
   3.2655979627326687e-01  -4.1617430708310664e-02  -9.4425986302458120e-01   9.4517547292536075e-01   1.5882908269725556e-02   3.2617642251581624e-01   1.4229681244665635e-03  -9.9900736868460316e-01   4.4522494040454552e-02
   4.9825933704887670e-01   1.1449856466558801e-01  -8.5943453021922178e-01   8.2786766682860169e-01   2.3171052518560536e-01   5.1082811075544687e-01   2.5762911183207265e-01  -9.6602293513546089e-01   2.0662273081302862e-02
   4.1832133660208537e-01   1.0590589656509254e-01  -9.0210376366368672e-01   8.9442328984961872e-01   1.2490844808631300e-01   4.2942386772424923e-01   1.5815890084983947e-01  -9.8649978239704261e-01  -4.2472831463864824e-02
   3.3337517467946198e-01   1.0680139410665726e-01  -9.3672538938811356e-01   9.4139858154213785e-01   1.6332631945990144e-02   3.3690051321446007e-01   5.1280635505893103e-02  -9.9414622030694799e-01  -9.5097786890760205e-02
   4.2056818202574447e-01  -2.8554761946951879e-01  -8.6115327397789754e-01   8.1804304259061167e-01   5.2981493900525034e-01   2.2383411463840280e-01   3.9233657073570788e-01  -7.9859795105056053e-01   4.5641354914286991e-01
   3.3966826594679872e-01  -3.2225468434916082e-01  -8.8361608604852659e-01   8.9370715634172870e-01   4.0335814601439079e-01   1.9644267547408212e-01   2.9310917387942120e-01  -8.5641936249646788e-01   4.2500927957971363e-01
   2.5484559165200449e-01  -3.4584568846564889e-01  -9.0301964772936250e-01   9.4903728063254722e-01   2.6852662208803990e-01   1.6498997908832846e-01   1.8542374277616150e-01  -8.9904627967625117e-01   3.9665327758027086e-01
   3.9995105260501418e-01  -1.4611820077898416e-01  -9.0481413943486388e-01   8.0993620948094924e-01   5.1842775705960253e-01   2.7429181045335999e-01   4.2900173903117561e-01  -8.4254503269039738e-01   3.2569214881075131e-01
   3.1938496046450182e-01  -1.8175123501334764e-01  -9.3003211535957819e-01   8.8817426655725129e-01   3.9956368709667184e-01   2.2692582968715133e-01   3.3036301132932200e-01  -8.9850728907718691e-01   2.8904140226027564e-01
   2.3550924032157125e-01  -2.0533866618706062e-01  -9.4993232911175074e-01   9.4600035280232719e-01   2.7245955301837749e-01   1.7563918830061254e-01   2.2275262113166835e-01  -9.4000097028542717e-01   2.5841719300663168e-01
   3.7518181910423826e-01  -3.3675512582195003e-03  -9.2694512362499570e-01   8.0361356291401853e-01   4.9958627343602330e-01   3.2344829091362204e-01   4.6199983129246991e-01  -8.6625759159318771e-01   1.9014189673214793e-01
   2.9692545158174105e-01  -3.7036762159450391e-02  -9.5418213903411730e-01   8.8304393042207407e-01   3.9093985716509949e-01   2.5961403086980162e-01   3.6341256602890581e-01  -9.1967075974420065e-01   1.4878508165743720e-01
   2.1099137907238560e-01  -5.9707762781789700e-02  -9.7566265738764812e-01   9.4320725719363097e-01   2.7445373243642851e-01   1.8717697168450306e-01   2.5659833969533208e-01  -9.5974482640715875e-01   1.1422416666490505e-01
   4.5044450154369964e-01  -2.9891783268815314e-01  -8.4127752872049599e-01   8.5433994679957670e-01   4.1791796389523295e-01   3.0894632342230233e-01   2.5923542645931547e-01  -8.5790017178846578e-01   4.4362629420918787e-01
   3.6838331786069289e-01  -3.2419861603042827e-01  -8.7131451754570388e-01   9.1640364651460182e-01   2.8442005972401457e-01   2.8161957723377218e-01   1.5651864993248701e-01  -9.0221975537589660e-01   4.0187239919254092e-01
   2.8318549354910505e-01  -3.3587598014896181e-01  -8.9832805934264581e-01   9.5790684036397855e-01   1.4507659161498312e-01   2.4772417675567915e-01   4.7121772327124910e-02  -9.3066648619382120e-01   3.6282148509755718e-01
   4.5028965673201016e-01  -1.5745101793827623e-01  -8.7889043799006550e-01   8.4087668157693896e-01   4.0580866998481752e-01   3.5811412949688082e-01   3.0027592547575849e-01  -9.0029356340882172e-01   3.1512833618118585e-01
   3.6979970903544546e-01  -1.8156545076561670e-01  -9.1119820142797603e-01   9.0759511134990567e-01   2.8042896945499185e-01   3.1245912843788637e-01   1.9879459009503303e-01  -9.4254632786865733e-01   2.6849046681448163e-01
   2.8472755149061396e-01  -1.9349103521697184e-01  -9.3887775600065448e-01   9.5435981652844637e-01   1.4932629829966848e-01   2.5864840465757694e-01   9.0152992285064279e-02  -9.6967152991452887e-01   2.2717738015759009e-01
   4.4441603502982385e-01  -1.2615786432322005e-02  -8.9573167284687660e-01   8.2842435012011073e-01   3.8628634229286041e-01   4.0558101272874442e-01   3.4089218814229477e-01  -9.2229263452046284e-01   1.8212306930441702e-01
   3.6386686855849937e-01  -3.4215481059279310e-02  -9.3082232612959659e-01   8.9975127132793753e-01   2.7140048329184652e-01   3.4174468161583971e-01   2.4093267048947722e-01  -9.6185813846161050e-01   1.2953906656285122e-01
   2.7778754569952546e-01  -4.5511191643154966e-02  -9.5956386493523937e-01   9.5138191219382029e-01   1.5139561226268364e-01   2.6823837484229807e-01   1.3306591075352117e-01  -9.8742498450405203e-01   8.5354340091812073e-02
   4.7837857576086124e-01  -3.1577120553286170e-01  -8.1941594078302693e-01   8.6979477372782121e-01   2.9882137085341637e-01   3.9263575985517873e-01   1.2087592749914494e-01  -9.0055223839464638e-01   4.1760588606198212e-01
   3.9931834854185888e-01  -3.2959405192736807e-01  -8.5551891706256389e-01   9.1666622261108321e-01   1.6019108911838159e-01   3.6614457703343700e-01   1.6367432349947877e-02  -9.3043354190461447e-01   3.6609497573321559e-01
   3.1506724042760348e-01  -3.3034914501045992e-01  -8.8972022366595305e-01   9.4459910196933683e-01   1.8269601097526362e-02   3.2771749760191377e-01  -9.2006361562980837e-02  -9.4368197188809100e-01   3.1780365851472919e-01
   4.9900332877111325e-01  -1.7450809014008872e-01  -8.4884780988761876e-01   8.5044793245861205e-01   2.8684611817146399e-01   4.4097348975514827e-01   1.6653525768503177e-01  -9.4194810417857999e-01   2.9154721226957231e-01
   4.1875918928577088e-01  -1.8709476429892427e-01  -8.8861481563197853e-01   9.0576583169710934e-01   1.5613092441588305e-01   3.9396877106071054e-01   6.5030758251529763e-02  -9.6985498071256615e-01   2.3484530412222229e-01
   3.3371519654883619e-01  -1.8771870907871163e-01  -9.2379427030816441e-01   9.4172990825140590e-01   2.2541201334409369e-02   3.3561387657127656e-01  -4.2177571020272017e-02  -9.8196414420498257e-01   1.8430266411152679e-01
   5.1212757889253968e-01  -2.9486452901372202e-02  -8.5840310579177215e-01   8.3154890126264536e-01   2.6726365446478512e-01   4.8692562451673765e-01   2.1506224156404638e-01  -9.6317220064608533e-01   1.6139251579929154e-01
   4.3239606757832594e-01  -4.0474582117518101e-02  -9.0077491580594793e-01   8.9424760146880333e-01   1.4728389528624139e-01   4.2264486446259414e-01   1.1556326410279717e-01  -9.8826578529853193e-01   9.9879275118431324e-02
   3.4651467216829346e-01  -3.9897320889962500e-02  -9.3719570301933430e-01   9.3799562002158143e-01   2.4942082282893872e-02   3.4574862161941006e-01   9.5811686358710547e-03  -9.9889243480827128e-01   4.6066309710831921e-02
   4.1694645674721076e-01  -4.2231923322573189e-01  -8.0486155173021945e-01   8.3794267573143244e-01   5.2166749555427971e-01   1.6035927247955842e-01   3.5214730496483188e-01  -7.4128907271708477e-01   5.7138672217356501e-01
   3.3435767578586206e-01  -4.5769598876677492e-01  -8.2384423680079288e-01   9.0835610944257206e-01   3.8949028169631295e-01   1.5227113614365956e-01   2.5118543564751206e-01  -7.9925696889731979e-01   5.4598001299281851e-01
   2.4925715724844430e-01  -4.7977945799907895e-01  -8.4123869457041356e-01   9.5801711519411004e-01   2.4924223230422141e-01   1.4170926797906780e-01   1.4168301435097572e-01  -8.4124311665422769e-01   5.2176234257207832e-01
   4.0333768039194007e-01  -2.9174414315623570e-01  -8.6729699094951462e-01   8.2892120193670349e-01   5.1793445699105689e-01   2.1126651235155580e-01   3.8756722843380326e-01  -8.0413260921032959e-01   4.5073538828089232e-01
   3.2310593246047592e-01  -3.2581829363585324e-01  -8.8850717270096802e-01   9.0187641019148235e-01   3.9048248461877927e-01   1.8477654057284790e-01   2.8674291124449935e-01  -8.6102605578354396e-01   4.2001504034125170e-01
   2.3663049189052054e-01  -3.4755629265454763e-01  -9.0730955783782918e-01   9.5504886409178058e-01   2.5483406947473397e-01   1.5146373900028268e-01   1.7857121129860121e-01  -9.0236590165584862e-01   3.9223475371794553e-01
   3.8488921289816747e-01  -1.5154947962483642e-01  -9.1043563694534202e-01   8.2120794516479156e-01   5.0648003504140593e-01   2.6286020030175056e-01   4.2128114673321065e-01  -8.4882903421707800e-01   3.1939233878922851e-01
   3.0360119857143530e-01  -1.8544927879137235e-01  -9.3457737893753168e-01   8.9688350725127219e-01   3.8670016215543790e-01   2.1462282965615559e-01   3.2159957501005060e-01  -9.0336678574359708e-01   2.8372903229778496e-01
   2.1650234248607206e-01  -2.0881497954428563e-01  -9.5368917369128359e-01   9.5268326563096717e-01   2.5867108415793921e-01   1.5963666748987274e-01   2.1335728505199786e-01  -9.4312542884733830e-01   2.5493743227851923e-01
   4.4597638563169723e-01  -4.3337216022511743e-01  -7.8313066227846273e-01   8.6833884801387395e-01   4.2163402266418071e-01   2.6117502936145970e-01   2.1700854473689793e-01  -7.9650067273909841e-01   5.6435269985828673e-01
   3.6460527858651237e-01  -4.5907911262948409e-01  -8.1012922375024676e-01   9.2437505171008638e-01   2.8329960411053412e-01   2.5548404663851221e-01   1.1222189894502105e-01  -8.4201407509503079e-01   5.2765380955606989e-01
   2.7887032157396391e-01  -4.7193685376118905e-01  -8.3636532078226677e-01   9.6032683015524289e-01   1.3879555197093274e-01   2.4188462960069909e-01   1.9295152803764503e-03  -8.7063850179915303e-01   4.9191958301709071e-01
   4.5216596155633604e-01  -2.9962443296309338e-01  -8.4010186428871725e-01   8.5396666800217946e-01   4.1731090480768435e-01   3.1079340190848154e-01   2.5746237230144803e-01  -8.5794918724836866e-01   4.4456306520984668e-01
   3.7032552586808398e-01  -3.2385888829944232e-01  -8.7061726686298668e-01   9.1588503195088466e-01   2.8366016529404375e-01   2.8406252634531504e-01   1.5496326383647888e-01  -9.0258092772604326e-01   4.0166410813805703e-01
   2.8689149980931838e-01  -3.3649193995339199e-01  -8.9692053253538728e-01   9.5690954830507780e-01   1.4456063161440305e-01   2.5184586585810081e-01   4.4915294719408652e-02  -9.3052425983079434e-01   3.6346556668633834e-01
   4.5248553857553359e-01  -1.5873639059659758e-01  -8.7753039587262915e-01   8.4032313169511696e-01   4.0529910999570673e-01   3.5998564662330412e-01   2.9851946622979131e-01  -9.0029738960915129e-01   3.1678184693070405e-01
   3.7198392713843448e-01  -1.8165914439836017e-01  -9.1029001598783010e-01   9.0700735406911392e-01   2.7967869841901816e-01   3.1482929551613920e-01   1.9739710640030342e-01  -9.4275117656097329e-01   2.6880216047808814e-01
   2.8668657914952561e-01  -1.9447629712746892e-01  -9.3807770210741670e-01   9.5391099222856512e-01   1.4858769138158437e-01   2.6072114773336924e-01   8.8682716698673475e-02  -9.6958788556039577e-01   2.2811117450371296e-01
   4.7368001863377324e-01  -4.4923401775314115e-01  -7.5750646019719103e-01   8.7737302242188508e-01   3.1536602955818116e-01   3.6160869310208210e-01   7.6444878660349880e-02  -8.3590254497404137e-01   5.4352839468837855e-01
   3.9194972007194007e-01  -4.6434817943821299e-01  -7.9420160235795634e-01   9.1957010341304768e-01   1.7176592103137037e-01   3.5339396327775829e-01  -2.7681073758877284e-02  -8.6883671459294476e-01   4.9432430805180250e-01
   3.0892552420993541e-01  -4.6635989452162530e-01  -8.2889894997725433e-01   9.4123216724110759e-01   2.4778979571463668e-02   3.3685012917023605e-01  -1.3655412056113297e-01  -8.8424795784506893e-01   4.4660779348842577e-01
   5.0053918523273511e-01  -3.1388185158263687e-01  -8.0680772634724129e-01   8.5709672991672636e-01   3.1084024557495243e-01   4.1080839487157150e-01   1.2184301216156550e-01  -8.9713796317955419e-01   4.2461483182931536e-01
   4.1936554701384809e-01  -3.2756355337314541e-01  -8.4666088635257908e-01   9.0758955311530787e-01   1.7217638648647146e-01   3.8293144949509900e-01   2.0340625696676298e-02  -9.2900883227126485e-01   3.6949810352456186e-01
   3.3726506678131646e-01  -3.2961512842521506e-01  -8.8181978989032905e-01   9.3734836324128257e-01   3.0662114028653299e-02   3.4704161233515274e-01  -8.7351706668404971e-02  -9.4361734928758245e-01   3.1930546106447066e-01
   5.1815362235626450e-01  -1.7188574481476546e-01  -8.3783776136466626e-01   8.3790705388702580e-01   2.9849729319915069e-01   4.5695857033121134e-01   1.7154763969651857e-01  -9.3880490874422495e-01   2.9869173177759706e-01
   4.3934088425108375e-01  -1.8595228291039498e-01  -8.7886366172796504e-01   8.9547657440162942e-01   1.6844121014464872e-01   4.1200638759966923e-01   7.1423330385791448e-02  -9.6801307181536478e-01   2.4051902351203550e-01
   3.5628186063356804e-01  -1.8753540107967576e-01  -9.1536534188561425e-01   9.3372966774890875e-01   3.4955494537424303e-02   3.5626818685809752e-01  -3.4815849106332286e-02  -9.8163566904607202e-01   1.8756137637444398e-01
