  -2.3117650960286457e+02  -1.3264681701660157e+02   2.1025702799479168e+03
  -2.2847744445800782e+02  -1.2715421651204427e+02   2.0860530924479167e+03
  -2.2414794413248697e+02  -1.2224181162516275e+02   2.0695527018229168e+03
  -2.1825170491536457e+02  -1.1791412251790365e+02   2.0533961263020833e+03
  -2.1078528951009113e+02  -1.1429119059244792e+02   2.0378420491536458e+03
  -2.0182426350911459e+02  -1.1135399017333984e+02   2.0227918457031251e+03
  -1.9150448913574218e+02  -1.0915208384195964e+02   2.0086498128255209e+03
  -2.2321488240559896e+02  -1.2091722106933594e+02   2.1137996744791667e+03
  -2.2114964090983074e+02  -1.1539264577229818e+02   2.0971900878906249e+03
  -2.1752343851725260e+02  -1.1056830139160157e+02   2.0804905273437498e+03
  -2.1235550740559896e+02  -1.0647768809000651e+02   2.0640631998697918e+03
  -2.0565731811523437e+02  -1.0320049082438150e+02   2.0480889485677085e+03
  -1.9748767801920573e+02  -1.0072821299235027e+02   2.0325349934895833e+03
  -1.8794865519205729e+02  -9.9108870442708337e+01   2.0177797607421876e+03
  -2.1365460205078125e+02  -1.0992685445149739e+02   2.1248346516927081e+03
  -2.1224163106282552e+02  -1.0432910207112630e+02   2.1080975423177083e+03
  -2.0935555928548177e+02  -9.9522694905598954e+01   2.0911437174479165e+03
  -2.0490828145345051e+02  -9.5602942403157556e+01   2.0744637858072915e+03
  -1.9902198588053386e+02  -9.2605380757649741e+01   2.0580648763020831e+03
  -1.9169949035644532e+02  -9.0535726420084629e+01   2.0420941487630209e+03
  -1.8301200154622396e+02  -8.9427185058593750e+01   2.0267382568359376e+03
  -2.0265058288574218e+02  -9.9847849527994796e+01   2.1351188639322918e+03
  -2.0190439453125001e+02  -9.4155339050292966e+01   2.1184345703125000e+03
  -1.9974262898763021e+02  -8.9329875691731772e+01   2.1013798990885416e+03
  -1.9606528116861980e+02  -8.5533189900716152e+01   2.0844960449218752e+03
  -1.9103707173665364e+02  -8.2745796712239581e+01   2.0677797200520831e+03
  -1.8459922180175781e+02  -8.0990857442220047e+01   2.0513345540364585e+03
  -1.7684629313151041e+02  -8.0314914957682291e+01   2.0355069254557291e+03
  -1.9026633504231771e+02  -9.0783675638834637e+01   2.1447828287760417e+03
  -1.9015757954915364e+02  -8.4920652770996099e+01   2.1281161621093752e+03
  -1.8874476725260416e+02  -8.0027230834960932e+01   2.1111152018229168e+03
  -1.8589583333333334e+02  -7.6280171203613278e+01   2.0940703287760416e+03
  -1.8174609273274740e+02  -7.3645002746582037e+01   2.0770633463541667e+03
  -1.7624311116536458e+02  -7.2136048380533850e+01   2.0602536783854166e+03
  -1.6949367370605469e+02  -7.1814446512858069e+01   2.0438998046874999e+03
  -1.7669702555338543e+02  -8.2836939493815109e+01   2.1538734049479167e+03
  -1.7720781249999999e+02  -7.6759142557779953e+01   2.1373253906250002e+03
  -1.7649319559733073e+02  -7.1757150268554682e+01   2.1202395833333335e+03
  -1.7447471415201824e+02  -6.7948488362630215e+01   2.1029648600260416e+03
  -1.7119945068359374e+02  -6.5398573303222662e+01   2.0857780924479166e+03
  -1.6669234008789061e+02  -6.4079131571451825e+01   2.0686918619791668e+03
  -1.6099971110026041e+02  -6.4028736368815103e+01   2.0518945963541669e+03
  -1.6201933593749999e+02  -7.6090283711751297e+01   2.1621295898437502e+03
  -1.6311349894205730e+02  -6.9741291809082028e+01   2.1456190104166667e+03
  -1.6311418253580729e+02  -6.4547825113932291e+01   2.1285670572916665e+03
  -1.6193724568684897e+02  -6.0664958953857422e+01   2.1112413411458333e+03
  -1.5955272318522137e+02  -5.8101012674967450e+01   2.0939200683593749e+03
  -1.5608270467122395e+02  -5.6891548411051431e+01   2.0765828124999998e+03
  -1.5146877237955729e+02  -5.7010346730550133e+01   2.0594305175781251e+03
  -1.4625240376790364e+02  -7.0514319864908856e+01   2.1693557454427082e+03
  -1.4794271545410157e+02  -6.3844736989339189e+01   2.1530631998697918e+03
  -1.4861299031575521e+02  -5.8454408009847008e+01   2.1361602213541669e+03
  -1.4829014994303387e+02  -5.4424716186523440e+01   2.1188830729166666e+03
  -1.4681370035807291e+02  -5.1783180491129556e+01   2.1013866048177083e+03
  -1.4440409240722656e+02  -5.0589859263102213e+01   2.0839156087239585e+03
  -1.4093084004720052e+02  -5.0817647043863936e+01   2.0665103352864585e+03
  -1.2975483296712238e+02  -6.6297216288248691e+01   2.1757314615885416e+03
  -1.3199127298990885e+02  -5.9282906595865889e+01   2.1596197265625001e+03
  -1.3336872660319011e+02  -5.3592658233642581e+01   2.1428016764322915e+03
  -1.3381676635742187e+02  -4.9331391652425133e+01   2.1255628417968751e+03
  -1.3327186787923176e+02  -4.6565663655598961e+01   2.1080830403645832e+03
  -1.3189595336914061e+02  -4.5295676930745444e+01   2.0904084309895834e+03
  -1.2956534016927083e+02  -4.5541587829589844e+01   2.0728996744791666e+03
  -1.1259320729573568e+02  -6.3396284993489580e+01   2.1809198567708331e+03
  -1.1533667551676432e+02  -5.6005013275146482e+01   2.1651484700520832e+03
  -1.1733791147867838e+02  -4.9972926584879559e+01   2.1485116048177083e+03
  -1.1853678588867187e+02  -4.5437613423665361e+01   2.1313948567708335e+03
  -1.1897309977213541e+02  -4.2459193166097002e+01   2.1138559733072916e+03
  -1.1858995259602865e+02  -4.1043044026692705e+01   2.0961861490885417e+03
  -1.1742313741048177e+02  -4.1209907277425131e+01   2.0785267415364583e+03
  -9.5014427693684894e+01  -6.1892102813720705e+01   2.1851273763020831e+03
  -9.8163961283365879e+01  -5.4068644460042314e+01   2.1695911295572919e+03
  -1.0079181722005208e+02  -4.7657275136311846e+01   2.1531690429687501e+03
  -1.0275859578450520e+02  -4.2790314737955732e+01   2.1362248860677082e+03
  -1.0403058725992838e+02  -3.9538197580973311e+01   2.1187911621093749e+03
  -1.0470966695149740e+02  -3.7889543660481770e+01   2.1011372395833332e+03
  -1.0466541849772135e+02  -3.7875483449300127e+01   2.0833793457031252e+03
  -7.7169600423177087e+01  -6.1737353515625003e+01   2.1881435546875000e+03
  -8.0712109883626297e+01  -5.3512285105387370e+01   2.1729745768229168e+03
  -8.3871042378743496e+01  -4.6646482086181642e+01   2.1567816406249999e+03
  -8.6541170247395840e+01  -4.1415250905354817e+01   2.1400507324218752e+03
  -8.8701753234863276e+01  -3.7794095102945967e+01   2.1227400878906251e+03
  -9.0353904215494794e+01  -3.5852688090006509e+01   2.1051844563802083e+03
  -9.1436378987630206e+01  -3.5591110229492188e+01   2.0874372233072918e+03
  -5.9110041809082034e+01  -6.2980565643310548e+01   2.1900642578124998e+03
  -6.2982335154215498e+01  -5.4273615773518877e+01   2.1751732910156252e+03
  -6.6643797810872400e+01  -4.6967580413818361e+01   2.1593248860677081e+03
  -6.9979436238606766e+01  -4.1282214355468753e+01   2.1428309407552083e+03
  -7.2950516764322913e+01  -3.7272293853759763e+01   2.1257833007812501e+03
  -7.5567359415690106e+01  -3.4952449544270834e+01   2.1083218424479169e+03
  -7.7754613749186191e+01  -3.4349883270263675e+01   2.0906882486979166e+03
  -4.1211495717366539e+01  -6.5580578613281247e+01   2.1907756022135418e+03
  -4.5342020924886064e+01  -5.6367650858561198e+01   2.1762027506510417e+03
  -4.9435695648193359e+01  -4.8597667694091797e+01   2.1606965169270834e+03
  -5.3362626647949220e+01  -4.2446024322509764e+01   2.1445190104166668e+03
  -5.7110206604003906e+01  -3.7978114064534502e+01   2.1277331054687502e+03
  -6.0650652313232420e+01  -3.5206049601236977e+01   2.1105705240885418e+03
  -6.3905141194661461e+01  -3.4178423055013020e+01   2.0930923502604169e+03
  -2.3479207865397136e+01  -6.9517848714192709e+01   2.1902156412760419e+03
  -2.7806915664672850e+01  -5.9840194956461588e+01   2.1760953776041665e+03
  -3.2299490102132161e+01  -5.1556979624430340e+01   2.1609490722656251e+03
  -3.6762692260742185e+01  -4.4894114939371747e+01   2.1451518554687500e+03
  -4.1229539744059245e+01  -3.9899785105387373e+01   2.1286921712239582e+03
  -4.5631563822428383e+01  -3.6614553578694661e+01   2.1118165690104165e+03
  -4.9916018168131508e+01  -3.5086123657226565e+01   2.0946024739583331e+03
  -6.2239772796630861e+00  -7.4743531799316401e+01   2.1885186197916669e+03
  -1.0709281984965006e+01  -6.4581781514485684e+01   2.1748222330729168e+03
  -1.5495912615458170e+01  -5.5755435943603516e+01   2.1600603190104166e+03
  -2.0454360580444337e+01  -4.8547438303629555e+01   2.1445964843749998e+03
  -2.5567241668701172e+01  -4.3005224609374999e+01   2.1285649902343748e+03
  -3.0765216573079428e+01  -3.9150278727213539e+01   2.1119910481770835e+03
  -3.6013682047526039e+01  -3.7052630106608071e+01   2.0951861165364585e+03
