  -2.7811872355143231e+02   1.8844495773315430e+01   2.0249796875000000e+03
  -2.5851088663736977e+02   2.5737800598144531e+01   2.0295446370442708e+03
  -2.3794217325846355e+02   3.0463837178548179e+01   2.0319852457682291e+03
  -2.8154795939127604e+02   6.0023645273844402e+01   2.0986499348958332e+03
  -2.6181809082031248e+02   6.6156205749511713e+01   2.1038225585937498e+03
  -2.4118821207682291e+02   7.0454574584960938e+01   2.1065629231770831e+03
  -2.8378075968424480e+02   8.9767308044433591e+01   2.1772822916666669e+03
  -2.6396154174804690e+02   9.5069998168945318e+01   2.1830905273437502e+03
  -2.4331300150553386e+02   9.8910453796386719e+01   2.1862246093750000e+03
  -2.0361846618652345e+02   2.9996036148071290e+01   2.0250957194010416e+03
  -1.8328964742024741e+02   3.3916242980957030e+01   2.0299892659505208e+03
  -1.6231550496419271e+02   3.5564007822672529e+01   2.0328659261067708e+03
  -2.0208555399576824e+02   7.1121304321289060e+01   2.0987446614583332e+03
  -1.8177804463704427e+02   7.4279672749837246e+01   2.1043324869791668e+03
  -1.6080529276529947e+02   7.5491397603352866e+01   2.1075426595052081e+03
  -2.0119717814127605e+02   1.0073277587890625e+02   2.1775797526041665e+03
  -1.8092547505696615e+02   1.0306202748616536e+02   2.1836728352864584e+03
  -1.5999289449055991e+02   1.0380654805501302e+02   2.1872524576822916e+03
  -1.2816489868164064e+02   3.0086186981201173e+01   2.0265130208333333e+03
  -1.0756357930501302e+02   3.0967798487345377e+01   2.0317138183593750e+03
  -8.6627459208170578e+01   2.9502584838867186e+01   2.0349681559244791e+03
  -1.2178531850179037e+02   7.0391793314615882e+01   2.1003944173177083e+03
  -1.0133406778971354e+02   7.0530808003743488e+01   2.1063170735677081e+03
  -8.0459166463216150e+01   6.8638095601399741e+01   2.1098860839843751e+03
  -1.1778891499837239e+02   9.9442803955078119e+01   2.1793158040364583e+03
  -9.7526514180501309e+01   9.8748405965169269e+01   2.1858262532552085e+03
  -7.6762422688802090e+01   9.6391593424479169e+01   2.1896715169270833e+03
  -2.8195870768229167e+02  -9.3300958251953119e+01   1.9891686523437500e+03
  -2.6235568033854167e+02  -8.5871833801269531e+01   1.9925847412109374e+03
  -2.4179091796874999e+02  -8.0894120788574213e+01   1.9942061197916667e+03
  -2.8481811726888020e+02  -4.1582513173421226e+01   2.0558758138020835e+03
  -2.6508216756184896e+02  -3.4805766550699872e+01   2.0600244954427085e+03
  -2.4445216674804686e+02  -3.0195842234293618e+01   2.0620957682291669e+03
  -2.8648488566080727e+02  -3.9209594726562502e-01   2.1293916015625000e+03
  -2.6666011352539061e+02   5.6318874359130859e+00   2.1342280924479169e+03
  -2.4596903788248699e+02   9.8123144785563152e+00   2.1366122721354168e+03
  -2.0743226826985676e+02  -8.2541420491536456e+01   1.9873260091145833e+03
  -1.8707648111979168e+02  -7.8005109151204422e+01   1.9913947916666666e+03
  -1.6609889017740886e+02  -7.6019801839192709e+01   1.9938129557291666e+03
  -2.0532079366048177e+02  -3.0896955362955730e+01   2.0539928059895833e+03
  -1.8498603617350261e+02  -2.7002677917480469e+01   2.0588915364583331e+03
  -1.6400309855143229e+02  -2.5393769327799479e+01   2.0617803059895832e+03
  -2.0382525533040365e+02   1.0174868901570639e+01   2.1275188802083335e+03
  -1.8354856974283854e+02   1.3310763168334962e+01   2.1331593098958333e+03
  -1.6259538269042969e+02   1.4499412918090821e+01   2.1363338378906251e+03
  -1.3193026428222657e+02  -8.2526902262369788e+01   1.9882582112630209e+03
  -1.1131264597574869e+02  -8.0952784729003909e+01   1.9931687011718750e+03
  -9.0378084818522140e+01  -8.1998960876464849e+01   1.9963360514322917e+03
  -1.2495317281087240e+02  -3.1670535532633462e+01   2.0551807454427085e+03
  -1.0448223012288412e+02  -3.0727516937255860e+01   2.0608763834635415e+03
  -8.3614769490559894e+01  -3.2132256317138669e+01   2.0644826822916666e+03
  -1.2039571075439453e+02   8.8278989156087242e+00   2.1289467285156252e+03
  -1.0009527079264323e+02   9.0264662424723312e+00   2.1353347005208334e+03
  -7.9309449259440100e+01   7.2005006154378259e+00   2.1393568684895831e+03
  -2.8641177775065103e+02  -2.0955403544108074e+02   1.9706732991536458e+03
  -2.6674165039062501e+02  -2.0179125061035157e+02   1.9726858072916666e+03
  -2.4614234313964843e+02  -1.9670711568196614e+02   1.9734018717447916e+03
  -2.8862506917317711e+02  -1.4844660339355468e+02   2.0288085611979166e+03
  -2.6887555541992185e+02  -1.4120217183430989e+02   2.0318319091796875e+03
  -2.4823259989420572e+02  -1.3640240173339845e+02   2.0330076334635417e+03
  -2.8971256510416669e+02  -9.6743108622233066e+01   2.0954258951822917e+03
  -2.6985913492838540e+02  -9.0150249226888022e+01   2.0992400227864582e+03
  -2.4913899230957031e+02  -8.5718093872070313e+01   2.1008565104166669e+03
  -2.1179838155110676e+02  -1.9948625081380209e+02   1.9666765299479166e+03
  -1.9138637593587239e+02  -1.9446887512207030e+02   1.9699234456380209e+03
  -1.7038286437988282e+02  -1.9221988423665366e+02   1.9718640625000000e+03
  -2.0907517496744791e+02  -1.3846403198242189e+02   2.0249349853515625e+03
  -1.8872019653320314e+02  -1.3396166280110677e+02   2.0291098958333334e+03
  -1.6772047526041666e+02  -1.3201840718587241e+02   2.0315295084635416e+03
  -2.0700362854003907e+02  -8.6890472412109375e+01   2.0914946451822916e+03
  -1.8669394327799480e+02  -8.3033722432454425e+01   2.0965175455729168e+03
  -1.6571742858886719e+02  -8.1448317464192712e+01   2.0993949381510415e+03
  -1.3623996073404948e+02  -1.9961192220052084e+02   1.9671743326822916e+03
  -1.1558195292154947e+02  -1.9739990132649740e+02   1.9716502034505208e+03
  -9.4615756734212241e+01  -1.9805983072916666e+02   1.9748816569010417e+03
  -1.2866012166341145e+02  -1.3936871846516928e+02   2.0258149414062500e+03
  -1.0818550059000651e+02  -1.3766829935709634e+02   2.0312153889973958e+03
  -8.7327229309082028e+01  -1.3858734029134115e+02   2.0348781494140626e+03
  -1.2356510009765626e+02  -8.8342056274414063e+01   2.0926965332031250e+03
  -1.0322074890136719e+02  -8.7263160705566406e+01   2.0987928710937499e+03
  -8.2431307983398440e+01  -8.8536665344238287e+01   2.1029417968749999e+03
  -9.3528139386858257e+01   7.6102600097656250e+00   2.0174156145368304e+03
  -7.6670405069986984e+01   1.6305520248413085e+01   2.0272206136067709e+03
  -5.8161125183105469e+01   2.2919466527303062e+01   2.0351769287109375e+03
  -1.2116408742268881e+02   4.8349444580078128e+01   2.0858566080729165e+03
  -1.0439428558349610e+02   5.6294630432128905e+01   2.0963248209635417e+03
  -8.5888601175944004e+01   6.2508283233642580e+01   2.1047466796875001e+03
  -1.4820087178548178e+02   7.7794708760579425e+01   2.1599904785156250e+03
  -1.3142031351725259e+02   8.4925795491536462e+01   2.1710393066406250e+03
  -1.1291623331705729e+02   9.0691826883951819e+01   2.1797912272135418e+03
  -2.3348199717203777e+01   2.5646571222941080e+01   2.0381907714843751e+03
  -5.6864248275756832e+00   3.1441278966267905e+01   2.0485304036458333e+03
   1.3399609692891438e+01   3.5029547119140624e+01   2.0571336425781251e+03
  -4.6323340098063149e+01   6.6777014668782556e+01   2.1081266927083334e+03
  -2.8829570515950522e+01   7.1816274515787754e+01   2.1191826171875000e+03
  -9.8109843571980786e+00   7.4985742187499994e+01   2.1281475911458333e+03
  -7.0341049702962238e+01   9.6418881225585935e+01   2.1831630371093752e+03
  -5.2976626078287758e+01   1.0060655008951822e+02   2.1947365559895834e+03
  -3.4049837239583333e+01   1.0331043192545573e+02   2.2040408691406251e+03
   4.8277462514241535e+01   3.2750168100992838e+01   2.0608282552083333e+03
   6.6380443827311197e+01   3.5536895751953125e+01   2.0716812011718748e+03
   8.5595185343424475e+01   3.6018957010904948e+01   2.0807189453125002e+03
   2.9963438415527342e+01   7.3514530944824216e+01   2.1323763834635415e+03
   4.7789868672688804e+01   7.5556358337402344e+01   2.1437838216145833e+03
   6.6882352701822910e+01   7.5620215352376306e+01   2.1532028971354166e+03
   8.9068321863810223e+00   1.0284098358154297e+02   2.2084248697916669e+03
   2.6483941904703777e+01   1.0402899068196615e+02   2.2204019205729169e+03
   4.5423708089192708e+01   1.0364301198323568e+02   2.2300312174479168e+03
  -7.7123191324869794e+01  -1.0436684010823568e+02   1.9851535400390626e+03
  -5.9971834055582683e+01  -9.5162851460774746e+01   1.9936893391927083e+03
  -4.1209954071044919e+01  -8.8325925699869785e+01   2.0008751139322917e+03
  -1.0321602783203124e+02  -5.3132861073811846e+01   2.0468154866536458e+03
  -8.6161886596679693e+01  -4.4557851409912111e+01   2.0562341308593750e+03
  -6.7441268920898438e+01  -3.8056432596842448e+01   2.0637689453124999e+03
  -1.2920740458170573e+02  -1.2242343266805014e+01   2.1156445800781248e+03
  -1.1217743733723958e+02  -4.3904881795247395e+00   2.1257541015625002e+03
  -9.3479667154947919e+01   1.6994707743326822e+00   2.1338036783854168e+03
  -6.2984908421834307e+00  -8.6707157389322916e+01   2.0039430582682292e+03
   1.1539397557576498e+01  -8.0314519246419266e+01   2.0135311360677083e+03
   3.0716857147216796e+01  -7.6422547912597651e+01   2.0217530436197917e+03
  -2.7700808461507162e+01  -3.5081494394938154e+01   2.0670342773437501e+03
  -1.0039466031392415e+01  -2.9328844451904295e+01   2.0773884765624998e+03
   9.0353457132975254e+00  -2.5786616770426431e+01   2.0860524414062502e+03
  -5.0681902567545571e+01   5.9723673502604164e+00   2.1368542643229166e+03
  -3.3192243448893230e+01   1.0983692423502605e+01   2.1479127115885417e+03
  -1.4192928886413574e+01   1.4122502644856771e+01   2.1569082194010416e+03
   6.5523973592122402e+01  -7.9661353556315106e+01   2.0260871907552084e+03
   8.3654207356770840e+01  -7.6209997558593756e+01   2.0366152262369792e+03
   1.0285067087809244e+02  -7.5332888793945315e+01   2.0456591308593750e+03
   4.8783515421549481e+01  -2.8373935445149741e+01   2.0908834960937502e+03
   6.6581006368001297e+01  -2.5547451782226563e+01   2.1021203287760418e+03
   8.5607495117187497e+01  -2.5020590209960936e+01   2.1115962076822916e+03
   2.8715747706095378e+01   1.2386552937825520e+01   2.1617749511718748e+03
   4.6252048238118491e+01   1.4473169835408529e+01   2.1736520670572918e+03
   6.5113444010416671e+01   1.4590889231363933e+01   2.1834644042968748e+03
  -6.5721298217773438e+01  -2.2050416564941406e+02   1.9691509033203124e+03
  -4.8216702779134117e+01  -2.1097254638671876e+02   1.9764966064453124e+03
  -2.9196411259969075e+01  -2.0403314717610678e+02   1.9828134114583333e+03
  -8.9749732971191406e+01  -1.5988763122558595e+02   2.0227751464843750e+03
  -7.2353557840983072e+01  -1.5083679707845053e+02   2.0309413655598958e+03
  -5.3409688313802086e+01  -1.4417127990722656e+02   2.0377554036458334e+03
  -1.1416068776448567e+02  -1.0849166920979818e+02   2.0848990234375001e+03
  -9.6853189086914057e+01  -1.0007236684163412e+02   2.0939492513020832e+03
  -7.7915689595540371e+01  -9.3745528666178387e+01   2.1011509277343748e+03
   5.7674748738606771e+00  -2.0352151997884116e+02   1.9861490478515625e+03
   2.3857296117146809e+01  -1.9665778401692708e+02   1.9948809326171875e+03
   4.3173120880126952e+01  -1.9250926513671874e+02   2.0026331380208333e+03
  -1.3531494394938152e+01  -1.4252550760904947e+02   2.0410750406901041e+03
   4.3314008712768555e+00  -1.3616627502441406e+02   2.0507141276041666e+03
   2.3496870422363280e+01  -1.3230846252441407e+02   2.0589513834635418e+03
  -3.4923058827718101e+01  -9.0962672932942709e+01   2.1040512858072916e+03
  -1.7286292394002277e+01  -8.5250164286295572e+01   2.1145234049479168e+03
   1.7784513473510741e+00  -8.1736460367838546e+01   2.1232101562500002e+03
   7.7769126892089844e+01  -1.9660942077636719e+02   2.0079770751953124e+03
   9.6018449401855463e+01  -1.9254496968587239e+02   2.0180401041666667e+03
   1.1521288452148437e+02  -1.9127184753417970e+02   2.0270289143880209e+03
   6.3110136667887367e+01  -1.3593248596191407e+02   2.0645647623697919e+03
   8.0988267008463538e+01  -1.3234997355143230e+02   2.0754862792968752e+03
   9.9956736246744796e+01  -1.3135511169433593e+02   2.0849376464843749e+03
   4.4627954355875652e+01  -8.4641592407226568e+01   2.1287028157552081e+03
   6.2172112019856769e+01  -8.1689770507812497e+01   2.1403808105468752e+03
   8.0978143310546869e+01  -8.1042337544759121e+01   2.1502086751302081e+03
  -2.7847132568359376e+02  -1.4327985331217448e+02   2.0348241536458333e+03
  -2.5857496337890626e+02  -1.3626356608072916e+02   2.0373671305338542e+03
  -2.3780308430989584e+02  -1.3204616394042969e+02   2.0384416829427084e+03
  -2.7946979573567711e+02  -8.2244139099121099e+01   2.0932021321614584e+03
  -2.5946653035481773e+02  -7.5816353861490882e+01   2.0966024739583331e+03
  -2.3866792907714844e+02  -7.1886201477050776e+01   2.0982624023437502e+03
  -2.7980392862955728e+02  -3.0704473876953124e+01   2.1598132324218750e+03
  -2.5978619181315105e+02  -2.4935226440429688e+01   2.1641123697916669e+03
  -2.3895488281249999e+02  -2.1369739278157553e+01   2.1662030436197915e+03
  -2.0344386698404949e+02  -1.3622786051432291e+02   2.0324780761718750e+03
  -1.8295993652343751e+02  -1.3205597737630208e+02   2.0361524007161458e+03
  -1.6193457234700520e+02  -1.3069845987955730e+02   2.0385588297526042e+03
  -1.9947916666666666e+02  -7.5549050903320307e+01   2.0909539388020835e+03
  -1.7905352376302082e+02  -7.1889920552571610e+01   2.0955483235677084e+03
  -1.5805228881835939e+02  -7.0827065531412757e+01   2.0984240397135418e+03
  -1.9670499064127605e+02  -2.4260853576660157e+01   2.1577347656249999e+03
  -1.7635310770670574e+02  -2.1248992919921875e+01   2.1631035807291669e+03
  -1.5543086039225261e+02  -2.0541214243570963e+01   2.1664725423177083e+03
  -1.2800469055175782e+02  -1.3948895975748698e+02   2.0345715820312500e+03
  -1.0738848317464193e+02  -1.3814872538248699e+02   2.0395315592447917e+03
  -8.6541972351074222e+01  -1.3965382995605469e+02   2.0431300292968749e+03
  -1.1923921559651693e+02  -7.9758132425944012e+01   2.0935939941406250e+03
  -9.8793366495768225e+01  -7.8909159851074222e+01   2.0993708170572918e+03
  -7.8040216064453119e+01  -8.0709264119466141e+01   2.1034387858072919e+03
  -1.1339871215820312e+02  -2.9162639872233072e+01   2.1606318847656248e+03
  -9.3192979431152338e+01  -2.8931401062011719e+01   2.1672214029947918e+03
  -7.2589013671874994e+01  -3.1068854014078777e+01   2.1717586751302083e+03
  -2.8825816446940104e+02  -2.6069060872395835e+02   2.0333435384114584e+03
  -2.6823170776367186e+02  -2.5359284566243488e+02   2.0345309000651041e+03
  -2.4743529663085937e+02  -2.4939944559733073e+02   2.0348325358072916e+03
  -2.8809445597330728e+02  -1.9166677449544270e+02   2.0819695149739582e+03
  -2.6802892456054690e+02  -1.8494350789388020e+02   2.0841668294270835e+03
  -2.4723274739583334e+02  -1.8095421651204427e+02   2.0849822428385419e+03
  -2.8729096679687501e+02  -1.3077199503580729e+02   2.1402555013020833e+03
  -2.6718608601888019e+02  -1.2458149210611980e+02   2.1433326009114585e+03
  -2.4633036092122396e+02  -1.2088717905680339e+02   2.1446146158854167e+03
  -2.1308378906249999e+02  -2.5468487040201822e+02   2.0289487711588542e+03
  -1.9255740051269532e+02  -2.5015912577311198e+02   2.0318341552734375e+03
  -1.7149726867675781e+02  -2.4862014261881509e+02   2.0337638753255208e+03
  -2.0809493509928384e+02  -1.8595520222981770e+02   2.0778949055989583e+03
  -1.8757122599283855e+02  -1.8181365051269532e+02   2.0816180664062499e+03
  -1.6654740193684896e+02  -1.8048639221191405e+02   2.0840830729166669e+03
  -2.0416321004231770e+02  -1.2534296976725260e+02   2.1362523274739583e+03
  -1.8373010050455730e+02  -1.2169880828857421e+02   2.1409492838541669e+03
  -1.6273740946451824e+02  -1.2065776011149089e+02   2.1438564778645832e+03
  -1.3761352742513020e+02  -2.5814416097005210e+02   2.0307153889973958e+03
  -1.1694753824869791e+02  -2.5625144653320314e+02   2.0352054606119791e+03
  -9.6079256693522140e+01  -2.5736670939127606e+02   2.0388209635416667e+03
  -1.2776121724446615e+02  -1.9036132609049480e+02   2.0801002441406249e+03
  -1.0725800832112630e+02  -1.8881301778157552e+02   2.0854884928385418e+03
  -8.6504116312662759e+01  -1.9012843526204426e+02   2.0895997558593749e+03
  -1.2080122884114583e+02  -1.3038007812500001e+02   2.1388950358072916e+03
  -1.0049855957031249e+02  -1.2932288411458333e+02   2.1450869954427085e+03
  -7.9845161946614581e+01  -1.3091600748697917e+02   2.1497370930989582e+03
  -2.9860143636067710e+02  -3.7707879842122395e+02   2.0494846516927082e+03
  -2.7858092244466144e+02  -3.7002306722005210e+02   2.0494215169270833e+03
  -2.5775012817382810e+02  -3.6600107625325523e+02   2.0487940266927085e+03
  -2.9750012613932290e+02  -3.0157834879557294e+02   2.0873582194010419e+03
  -2.7737883097330729e+02  -2.9474817301432290e+02   2.0882291992187502e+03
  -2.5655380655924478e+02  -2.9082332763671877e+02   2.0882293131510419e+03
  -2.9561823527018231e+02  -2.3265211079915363e+02   2.1359450520833334e+03
  -2.7544379679361981e+02  -2.2622219746907552e+02   2.1378012695312500e+03
  -2.5454486897786458e+02  -2.2252183634440104e+02   2.1382138183593752e+03
  -2.2349735107421876e+02  -3.7231097208658855e+02   2.0434867187499999e+03
  -2.0286832071940105e+02  -3.6757925618489583e+02   2.0453638346354167e+03
  -1.8175526835123699e+02  -3.6592984212239583e+02   2.0468125813802083e+03
  -2.1740903116861980e+02  -2.9713573608398440e+02   2.0813916341145832e+03
  -1.9684417521158855e+02  -2.9261860961914061e+02   2.0842119628906248e+03
  -1.7580663452148437e+02  -2.9108575439453125e+02   2.0862489257812499e+03
  -2.1242947082519532e+02  -2.2848036600748699e+02   2.1301216634114585e+03
  -1.9194502563476561e+02  -2.2434432271321614e+02   2.1340189615885415e+03
  -1.7089489440917970e+02  -2.2302337036132812e+02   2.1364494791666666e+03
  -1.4794642232259113e+02  -3.7602893676757810e+02   2.0448347493489584e+03
  -1.2717574920654297e+02  -3.7366630655924479e+02   2.0487711914062502e+03
  -1.0624073791503906e+02  -3.7443614095052084e+02   2.0522957194010419e+03
  -1.3702574055989584e+02  -3.0176309407552083e+02   2.0833153808593752e+03
  -1.1647571207682292e+02  -2.9957138671874998e+02   2.0882668294270834e+03
  -9.5679822794596348e+01  -3.0042530924479166e+02   2.0923185546875002e+03
  -1.2901504109700520e+02  -2.3371452331542969e+02   2.1324941569010416e+03
  -1.0864346618652344e+02  -2.3189423217773438e+02   2.1382880208333331e+03
  -8.7929390462239581e+01  -2.3294105936686199e+02   2.1428133463541667e+03
  -9.4318790181477866e+01  -1.6527326863606771e+02   2.0328389404296875e+03
  -7.6954320271809891e+01  -1.5499684448242186e+02   2.0396906168619792e+03
  -5.8120402526855472e+01  -1.4726935831705728e+02   2.0456676188151041e+03
  -1.1956706237792969e+02  -1.0497938639322916e+02   2.0863101236979169e+03
  -1.0235291493733725e+02  -9.5209343973795569e+01   2.0941290039062501e+03
  -8.3521356201171869e+01  -8.7768093363444009e+01   2.1004524088541666e+03
  -1.4475031840006511e+02  -5.3855180867513020e+01   2.1483764811197916e+03
  -1.2756514689127604e+02  -4.4691809844970706e+01   2.1569182779947919e+03
  -1.0878755594889323e+02  -3.7594269816080732e+01   2.1637967122395835e+03
  -2.3108957926432293e+01  -1.4543700052897137e+02   2.0482606282552083e+03
  -5.1345785776774084e+00  -1.3781551513671874e+02   2.0566348958333333e+03
   1.4163099670410157e+01  -1.3286931660970052e+02   2.0639503092447917e+03
  -4.3682822163899736e+01  -8.4604728698730469e+01   2.1030579752604167e+03
  -2.5906100591023762e+01  -7.7497569783528647e+01   2.1122620117187498e+03
  -6.7176877339680994e+00  -7.2826654561360684e+01   2.1200521321614583e+03
  -6.5846235656738287e+01  -3.3199227905273439e+01   2.1658914062499998e+03
  -4.8234023284912112e+01  -2.6711312866210939e+01   2.1758925618489584e+03
  -2.9185295740763348e+01  -2.2400159200032551e+01   2.1842370279947918e+03
   4.8929660797119141e+01  -1.3561859842936198e+02   2.0687291666666665e+03
   6.7208685811360681e+01  -1.3075747680664062e+02   2.0783798828125000e+03
   8.6457360839843744e+01  -1.2867421468098959e+02   2.0870368489583334e+03
   3.3050359344482423e+01  -7.4918316650390622e+01   2.1249153971354167e+03
   5.0976161956787109e+01  -7.0562915547688803e+01   2.1355308919270833e+03
   7.0087555948893225e+01  -6.8761344401041669e+01   2.1446320800781250e+03
   1.3837063153584799e+01  -2.3652821350097657e+01   2.1888958821614583e+03
   3.1463221613566080e+01  -1.9926943206787108e+01   2.2002090332031248e+03
   5.0396848551432292e+01  -1.8467290242513020e+01   2.2097442220052085e+03
  -8.3667755126953125e+01  -2.8260840861002606e+02   2.0347767008463541e+03
  -6.6039522806803390e+01  -2.7220953369140625e+02   2.0403968831380209e+03
  -4.6935266876220702e+01  -2.6450674845377603e+02   2.0454235677083334e+03
  -1.0691461079915365e+02  -2.1429946797688802e+02   2.0786518066406252e+03
  -8.9400175984700525e+01  -2.0424355875651042e+02   2.0852128417968752e+03
  -7.0339282226562503e+01  -1.9675749613444012e+02   2.0907793945312501e+03
  -1.3051403503417970e+02  -1.5382832234700521e+02   2.1324045410156250e+03
  -1.1304508005777994e+02  -1.4426228027343751e+02   2.1398624511718749e+03
  -9.4049042256673175e+01  -1.3703804423014324e+02   2.1458986002604165e+03
  -1.1910399309794109e+01  -2.6376465047200520e+02   2.0485188802083335e+03
   6.3201363881429033e+00  -2.5578428649902344e+02   2.0559640950520834e+03
   2.5714876429239908e+01  -2.5063684387207030e+02   2.0628377929687499e+03
  -3.0384755579630532e+01  -1.9490625813802083e+02   2.0936196289062500e+03
  -1.2406810887654622e+01  -1.8730712076822917e+02   2.1019821940104166e+03
   6.8821578979492184e+00  -1.8237838236490884e+02   2.1093589029947916e+03
  -5.0951739247639971e+01  -1.3415156250000001e+02   2.1481590657552083e+03
  -3.3194383239746095e+01  -1.2704525909423828e+02   2.1574502278645832e+03
  -1.4058031272888183e+01  -1.2240370229085286e+02   2.1653139648437500e+03
   6.0334114329020181e+01  -2.5413321329752605e+02   2.0686360514322919e+03
   7.8753313191731777e+01  -2.4870309346516927e+02   2.0778021484374999e+03
   9.7976334635416663e+01  -2.4622498982747396e+02   2.0863840820312498e+03
   4.6502007039388019e+01  -1.8536287434895834e+02   2.1153289062499998e+03
   6.4497212727864579e+01  -1.8031232808430988e+02   2.1254597493489582e+03
   8.3544690450032547e+01  -1.7803027547200520e+02   2.1344719726562498e+03
   2.8873705418904624e+01  -1.2471620381673178e+02   2.1709504720052082e+03
   4.6525663248697917e+01  -1.2017136942545572e+02   2.1819138020833334e+03
   6.5367823282877609e+01  -1.1817592366536458e+02   2.1914842773437499e+03
  -7.8246176147460943e+01  -3.9895731811523439e+02   2.0537117513020835e+03
  -6.0271826171874999e+01  -3.8856730753580729e+02   2.0581474772135416e+03
  -4.0860307820638020e+01  -3.8101767781575523e+02   2.0623744466145831e+03
  -9.8910727437337243e+01  -3.2415573527018228e+02   2.0868653320312501e+03
  -8.1036481221516922e+01  -3.1398468017578125e+02   2.0922686848958333e+03
  -6.1768268330891928e+01  -3.0656605224609376e+02   2.0970738444010417e+03
  -1.2044294687906901e+02  -2.5563927205403647e+02   2.1310993489583334e+03
  -1.0268314768473307e+02  -2.4584064025878905e+02   2.1373919596354167e+03
  -8.3445187886555985e+01  -2.3863629353841145e+02   2.1426570963541667e+03
  -5.8498673121134441e+00  -3.8132851969401042e+02   2.0659084472656250e+03
   1.2683655865987141e+01  -3.7311412150065104e+02   2.0723886881510416e+03
   3.2234572855631512e+01  -3.6788174845377603e+02   2.0787937825520835e+03
  -2.1760376358032225e+01  -3.0600074055989586e+02   2.1003755371093748e+03
  -3.5532733917236330e+00  -2.9801261596679689e+02   2.1078737955729166e+03
   1.5867349116007487e+01  -2.9290679321289065e+02   2.1147587402343752e+03
  -4.0230025227864580e+01  -2.3723144632975260e+02   2.1453171386718750e+03
  -2.2275548299153645e+01  -2.2962623087565103e+02   2.1537546712239582e+03
  -3.0251294136047364e+00  -2.2472545674641927e+02   2.1611603190104165e+03
   6.6617194112141931e+01  -3.7196538696289065e+02   2.0856029134114583e+03
   8.5117921447753901e+01  -3.6604506225585936e+02   2.0942799641927081e+03
   1.0440023345947266e+02  -3.6318033447265623e+02   2.1027060546875000e+03
   5.5316718546549481e+01  -2.9664471435546875e+02   2.1218722819010418e+03
   7.3395797220865887e+01  -2.9095014241536461e+02   2.1314681477864583e+03
   9.2442785135904941e+01  -2.8820694376627603e+02   2.1404214518229169e+03
   3.9706855010986331e+01  -2.2795031026204427e+02   2.1680013509114583e+03
   5.7441571299235029e+01  -2.2264816182454427e+02   2.1784179687500000e+03
   7.6288297526041660e+01  -2.2011737772623698e+02   2.1878705078124999e+03
